0 0.149219 0.738542 0.204687 0.377083
0 0.300781 0.485417 0.039062 0.091667
0 0.251563 0.532292 0.065625 0.185417
10 0.366406 0.428125 0.023438 0.072917
10 0.434375 0.465625 0.065625 0.093750
10 0.514844 0.466667 0.045312 0.095833
10 0.557031 0.472917 0.057813 0.108333
10 0.592187 0.505208 0.056250 0.160417
10 0.638281 0.450000 0.039062 0.079167
10 0.682031 0.467708 0.073438 0.106250
6 0.454688 0.597917 0.078125 0.154167
6 0.554688 0.620833 0.087500 0.158333
6 0.771875 0.590625 0.081250 0.156250
6 0.671875 0.617708 0.075000 0.143750
11 0.703125 0.582292 0.078125 0.139583
11 0.530469 0.597917 0.123438 0.145833
4 0.189844 0.465625 0.120313 0.177083
4 0.132031 0.502083 0.154688 0.191667
4 0.074219 0.627083 0.139063 0.395833
