7 0.429481 0.438525 0.046033 0.040984
7 0.464251 0.461066 0.033301 0.066940
7 0.454456 0.365437 0.027424 0.034153
7 0.452498 0.336749 0.021548 0.036885
7 0.540646 0.490437 0.037218 0.060109
7 0.510774 0.450820 0.040157 0.065574
7 0.456905 0.515710 0.049951 0.066940
7 0.591087 0.862022 0.081293 0.166667
6 0.402057 0.386612 0.098923 0.136612
6 0.333007 0.365437 0.086190 0.148907
6 0.328110 0.463115 0.115573 0.265027
6 0.236533 0.571038 0.189030 0.349727
6 0.183643 0.601093 0.216454 0.306011
6 0.193438 0.720628 0.153771 0.383880
6 0.582272 0.381148 0.071499 0.142077
6 0.639079 0.428279 0.093046 0.170765
6 0.628306 0.571038 0.185113 0.325137
6 0.732125 0.603142 0.202742 0.282787
6 0.828599 0.681694 0.205681 0.325137
6 0.735064 0.375000 0.083252 0.105191
6 0.763467 0.469945 0.106758 0.218579
6 0.837414 0.461749 0.127326 0.188525
7 0.832027 0.332650 0.020568 0.039617
7 0.920666 0.404372 0.027424 0.057377
11 0.815867 0.380464 0.240940 0.118852
11 0.451518 0.307377 0.125367 0.065574
11 0.485309 0.376366 0.187071 0.088798
11 0.523017 0.573770 0.368266 0.303279
11 0.501959 0.856557 0.672870 0.284153
