6 0.371000 0.376000 0.062000 0.133333
6 0.304000 0.450667 0.068000 0.144000
6 0.340000 0.644000 0.084000 0.168000
6 0.467000 0.538667 0.074000 0.149333
6 0.490000 0.416000 0.068000 0.138667
6 0.423000 0.914667 0.086000 0.165333
6 0.510000 0.905333 0.084000 0.173333
6 0.744000 0.382667 0.072000 0.114667
6 0.750000 0.462667 0.060000 0.114667
6 0.720000 0.506667 0.068000 0.128000
6 0.653000 0.502667 0.074000 0.141333
6 0.551000 0.709333 0.074000 0.154667
6 0.610000 0.841333 0.096000 0.162667
6 0.684000 0.778667 0.084000 0.160000
6 0.741000 0.698667 0.074000 0.160000
6 0.862000 0.582667 0.080000 0.130667
6 0.864000 0.677333 0.084000 0.160000
6 0.953000 0.765333 0.086000 0.181333
