1 0.135547 0.571970 0.247656 0.534091
1 0.410547 0.409091 0.164844 0.382576
1 0.575781 0.324811 0.115625 0.304924
1 0.535547 0.588068 0.169531 0.501894
1 0.713672 0.417614 0.121094 0.426136
1 0.944531 0.638258 0.106250 0.545455
10 0.205078 0.463068 0.044531 0.198864
10 0.172266 0.541667 0.069531 0.234848
10 0.428516 0.374053 0.091406 0.206439
10 0.537500 0.583333 0.115625 0.261364
10 0.575781 0.277462 0.075000 0.195076
10 0.717187 0.421402 0.085938 0.217803
10 0.957031 0.606061 0.073438 0.329545
