2 0.503906 0.361719 0.070312 0.238021
2 0.168555 0.109635 0.040234 0.120313
7 0.095312 0.155469 0.038281 0.065104
7 0.374805 0.520312 0.060547 0.145833
7 0.303906 0.407552 0.050000 0.076563
7 0.623242 0.410417 0.045703 0.118750
7 0.673828 0.348177 0.044531 0.056771
6 0.293750 0.272656 0.171875 0.273438
6 0.879102 0.702865 0.223828 0.581771
6 0.564648 0.771354 0.456641 0.433333
6 0.646680 0.181771 0.126172 0.228125
6 0.725195 0.112240 0.060547 0.151562
6 0.430078 0.151562 0.077344 0.172917
6 0.370117 0.169010 0.072266 0.148438
6 0.756055 0.224479 0.164453 0.225000
11 0.156055 0.290625 0.285547 0.327083
11 0.525977 0.164062 0.182422 0.212500
11 0.899805 0.271875 0.191016 0.260417
11 0.493945 0.617708 0.708203 0.675000
