10 0.519531 0.863636 0.021484 0.067449
10 0.540527 0.860704 0.018555 0.079179
10 0.568359 0.856305 0.027344 0.073314
10 0.619629 0.857771 0.016602 0.064516
10 0.670898 0.857771 0.023438 0.070381
10 0.812988 0.856305 0.024414 0.082111
10 0.857422 0.859971 0.015625 0.074780
10 0.840820 0.856305 0.019531 0.085044
10 0.277832 0.881232 0.040039 0.126100
10 0.154785 0.878299 0.036133 0.105572
10 0.100098 0.884164 0.038086 0.143695
9 0.111328 0.920088 0.056641 0.092375
9 0.160156 0.915689 0.048828 0.092375
9 0.279297 0.904692 0.058594 0.090909
4 0.274902 0.881965 0.135742 0.098240
4 0.144531 0.882698 0.146484 0.114370
4 0.039062 0.879032 0.072266 0.127566
