6 0.123438 0.748611 0.235937 0.483333
6 0.804297 0.755556 0.378906 0.466667
11 0.365625 0.840972 0.287500 0.293056
11 0.609766 0.385417 0.200781 0.145833
11 0.416797 0.369444 0.052344 0.172222
10 0.305859 0.269444 0.050781 0.294444
10 0.255469 0.249306 0.096875 0.304167
10 0.160156 0.261111 0.064062 0.300000
10 0.085156 0.276389 0.075000 0.380556
10 0.540234 0.226389 0.055469 0.241667
10 0.617969 0.290278 0.065625 0.136111
10 0.919922 0.352083 0.086719 0.515278
10 0.831641 0.273611 0.057031 0.358333
10 0.786328 0.289583 0.055469 0.334722
10 0.729688 0.268750 0.073438 0.326389
