7 0.438000 0.806886 0.048000 0.116766
7 0.413000 0.732036 0.050000 0.074850
7 0.631000 0.690120 0.030000 0.068862
7 0.664000 0.699102 0.036000 0.074850
7 0.686000 0.712575 0.040000 0.083832
7 0.578000 0.693114 0.040000 0.092814
10 0.383000 0.618263 0.206000 0.374251
10 0.630000 0.561377 0.208000 0.260479
10 0.426000 0.341317 0.108000 0.203593
10 0.463000 0.318862 0.058000 0.122754
10 0.522000 0.341317 0.072000 0.203593
10 0.576000 0.350299 0.056000 0.167665
10 0.639000 0.342814 0.102000 0.170659
10 0.738000 0.372754 0.080000 0.224551
10 0.881000 0.458084 0.134000 0.425150
10 0.115000 0.538922 0.218000 0.862275
7 0.794000 0.928144 0.064000 0.113772
