7 0.665000 0.690667 0.078000 0.149333
7 0.658000 0.596000 0.064000 0.082667
7 0.549000 0.616000 0.050000 0.074667
7 0.474000 0.641333 0.056000 0.114667
7 0.418000 0.638667 0.052000 0.093333
7 0.386000 0.896000 0.108000 0.197333
7 0.304000 0.756000 0.080000 0.157333
7 0.574000 0.800000 0.108000 0.234667
2 0.366000 0.592000 0.064000 0.202667
10 0.159000 0.360000 0.066000 0.160000
10 0.163000 0.548000 0.238000 0.440000
10 0.333000 0.510667 0.174000 0.344000
10 0.494000 0.497333 0.172000 0.306667
10 0.638000 0.477333 0.204000 0.346667
10 0.816000 0.533333 0.248000 0.448000
