9 0.237793 0.590495 0.120117 0.149740
9 0.673828 0.679036 0.197266 0.303385
10 0.203613 0.509766 0.045898 0.149740
10 0.263184 0.544271 0.055664 0.216146
10 0.342285 0.505208 0.041992 0.151042
10 0.378418 0.516927 0.045898 0.171875
10 0.425781 0.514974 0.037109 0.144531
10 0.461914 0.537109 0.074219 0.303385
10 0.521484 0.615885 0.105469 0.343750
10 0.575684 0.501953 0.032227 0.139323
10 0.644531 0.552734 0.128906 0.264323
10 0.779785 0.661458 0.131836 0.500000
10 0.896973 0.668620 0.153320 0.589844
