3 0.216309 0.824219 0.403320 0.234375
4 0.364746 0.891927 0.124023 0.109375
4 0.507812 0.875000 0.134766 0.119792
4 0.606934 0.878906 0.166992 0.127604
10 0.025879 0.892578 0.034180 0.144531
10 0.108398 0.889974 0.041016 0.141927
10 0.302734 0.885417 0.048828 0.161458
10 0.434570 0.876302 0.044922 0.161458
10 0.479980 0.867839 0.053711 0.157552
10 0.721680 0.861979 0.048828 0.156250
10 0.760254 0.861328 0.041992 0.144531
10 0.855957 0.847656 0.034180 0.153646
10 0.801270 0.882161 0.034180 0.095052
10 0.827148 0.856771 0.048828 0.177083
10 0.903809 0.845703 0.041992 0.162760
10 0.965332 0.854167 0.041992 0.156250
