10 0.028125 0.296250 0.037500 0.057500
10 0.100781 0.331250 0.057813 0.147500
10 0.163281 0.286250 0.042188 0.057500
10 0.172656 0.360000 0.048438 0.060000
10 0.256250 0.396250 0.078125 0.232500
10 0.342187 0.463750 0.150000 0.472500
10 0.499219 0.308750 0.048438 0.152500
10 0.492188 0.457500 0.175000 0.585000
10 0.632031 0.270000 0.032813 0.095000
10 0.663281 0.288750 0.035937 0.102500
10 0.698438 0.295000 0.043750 0.175000
10 0.728125 0.306250 0.040625 0.137500
10 0.776563 0.338750 0.071875 0.292500
10 0.628125 0.387500 0.071875 0.255000
10 0.629687 0.457500 0.203125 0.685000
10 0.836719 0.277500 0.057813 0.100000
9 0.304688 0.536250 0.262500 0.442500
9 0.624219 0.598750 0.467187 0.512500
9 0.825000 0.435000 0.184375 0.245000
9 0.858594 0.350000 0.098437 0.140000
9 0.135156 0.663750 0.260937 0.532500
4 0.925000 0.311250 0.146875 0.217500
