10 0.353125 0.380562 0.034375 0.119438
10 0.310937 0.374707 0.043750 0.112412
10 0.278906 0.512881 0.095312 0.341920
10 0.421875 0.459016 0.125000 0.281030
10 0.535156 0.475410 0.107813 0.332553
10 0.648438 0.343091 0.046875 0.105386
10 0.683594 0.400468 0.126562 0.248244
10 0.804688 0.340749 0.093750 0.133489
10 0.921094 0.326698 0.095312 0.114754
10 0.828906 0.523419 0.079687 0.152225
9 0.643750 0.529274 0.165625 0.285714
9 0.489063 0.570258 0.200000 0.292740
9 0.381250 0.581967 0.171875 0.292740
9 0.238281 0.557377 0.201563 0.341920
10 0.065625 0.425059 0.046875 0.142857
4 0.620313 0.655738 0.740625 0.674473
