10 0.789982 0.394812 0.073223 0.144199
10 0.063879 0.598448 0.105086 0.636438
10 0.136642 0.579453 0.095588 0.553513
10 0.189798 0.391136 0.070159 0.114788
10 0.242647 0.642565 0.186887 0.693627
10 0.336244 0.641340 0.116728 0.625817
10 0.519148 0.642565 0.092218 0.620098
10 0.599418 0.654412 0.144301 0.660948
10 0.665288 0.648693 0.089154 0.635621
10 0.443474 0.634600 0.165748 0.686683
10 0.736366 0.638276 0.089154 0.520833
10 0.807598 0.606209 0.123162 0.581699
10 0.868566 0.680147 0.134804 0.604575
