10 0.841406 0.586458 0.057813 0.077083
11 0.109375 0.820833 0.175000 0.220833
11 0.296094 0.761458 0.117188 0.164583
11 0.439063 0.868750 0.175000 0.237500
11 0.245312 0.925000 0.365625 0.129167
11 0.545312 0.791667 0.146875 0.175000
11 0.603906 0.740625 0.117188 0.147917
11 0.837500 0.838542 0.153125 0.122917
11 0.843750 0.745833 0.118750 0.070833
11 0.861719 0.959375 0.270313 0.072917
6 0.164062 0.807292 0.106250 0.218750
6 0.052344 0.803125 0.089063 0.218750
6 0.237500 0.741667 0.078125 0.195833
6 0.286719 0.762500 0.070312 0.175000
6 0.340625 0.744792 0.081250 0.156250
6 0.421875 0.875000 0.134375 0.233333
6 0.519531 0.862500 0.107813 0.250000
6 0.669531 0.742708 0.060937 0.156250
6 0.578906 0.805208 0.067187 0.189583
6 0.771875 0.789583 0.078125 0.175000
