2 0.341000 0.708000 0.070000 0.242667
2 0.790000 0.785333 0.080000 0.290667
7 0.765000 0.646667 0.042000 0.104000
7 0.628000 0.598667 0.048000 0.093333
7 0.266000 0.650667 0.044000 0.101333
7 0.400000 0.682667 0.036000 0.122667
7 0.441000 0.858667 0.058000 0.149333
11 0.392000 0.816000 0.468000 0.352000
11 0.699000 0.798667 0.422000 0.397333
10 0.846000 0.232000 0.124000 0.288000
10 0.416000 0.570667 0.204000 0.426667
10 0.262000 0.538667 0.272000 0.437333
10 0.599000 0.492000 0.210000 0.306667
10 0.755000 0.452000 0.170000 0.322667
10 0.881000 0.532000 0.186000 0.349333
