7 0.474375 0.743750 0.066250 0.105000
7 0.370625 0.532500 0.043750 0.060000
7 0.418750 0.521250 0.042500 0.045000
10 0.325625 0.517500 0.161250 0.150000
10 0.478125 0.591875 0.191250 0.291250
10 0.616250 0.583750 0.162500 0.267500
10 0.783125 0.537500 0.098750 0.370000
10 0.851250 0.540625 0.130000 0.431250
10 0.590000 0.240625 0.030000 0.086250
10 0.614375 0.246250 0.038750 0.092500
10 0.674375 0.248750 0.031250 0.095000
10 0.708750 0.253750 0.045000 0.125000
10 0.790625 0.245000 0.038750 0.095000
10 0.734375 0.242500 0.046250 0.092500
6 0.335000 0.683750 0.215000 0.200000
6 0.539375 0.691250 0.141250 0.207500
6 0.699375 0.760625 0.206250 0.216250
6 0.141250 0.858750 0.265000 0.277500
6 0.723125 0.911250 0.448750 0.180000
11 0.458750 0.865000 0.335000 0.190000
11 0.243750 0.633125 0.345000 0.146250
