10 0.050000 0.577465 0.068750 0.281690
10 0.692187 0.468310 0.018750 0.110329
10 0.867188 0.461268 0.028125 0.096244
10 0.770312 0.485915 0.053125 0.150235
10 0.821875 0.453052 0.021875 0.084507
10 0.803906 0.442488 0.023438 0.082160
10 0.341406 0.461268 0.032813 0.063380
10 0.495312 0.480047 0.028125 0.049296
9 0.561719 0.504695 0.073438 0.089202
9 0.616406 0.492958 0.070312 0.093897
9 0.805469 0.476526 0.032813 0.075117
9 0.866406 0.485915 0.032813 0.089202
9 0.766406 0.536385 0.060937 0.166667
9 0.982812 0.475352 0.031250 0.068075
