9 0.463166 0.727500 0.039185 0.100000
9 0.708464 0.767500 0.078370 0.135000
9 0.957680 0.811250 0.072100 0.197500
9 0.166144 0.883750 0.222571 0.217500
10 0.062696 0.786250 0.047022 0.327500
10 0.147335 0.803750 0.097179 0.352500
10 0.250000 0.805000 0.098746 0.370000
10 0.334639 0.727500 0.057994 0.235000
10 0.510972 0.701250 0.034483 0.127500
10 0.462382 0.685000 0.031348 0.090000
10 0.572884 0.680000 0.032915 0.070000
10 0.709248 0.696250 0.036050 0.102500
10 0.651254 0.732500 0.048589 0.100000
10 0.860502 0.745000 0.068966 0.265000
10 0.928683 0.708750 0.048589 0.072500
10 0.972571 0.740000 0.051724 0.195000
9 0.546238 0.731250 0.029781 0.082500
4 0.377743 0.678750 0.040752 0.067500
4 0.423981 0.680000 0.042320 0.060000
