2 0.337891 0.655762 0.157552 0.342773
2 0.740234 0.713379 0.167969 0.383789
0 0.072917 0.412598 0.135417 0.118164
7 0.965495 0.428223 0.050781 0.043945
11 0.886719 0.576172 0.210938 0.304688
7 0.460286 0.700195 0.131510 0.218750
7 0.569010 0.811035 0.190104 0.327148
11 0.499349 0.853027 0.983073 0.284180
10 0.190104 0.439941 0.166667 0.288086
10 0.360026 0.475586 0.477865 0.488281
10 0.807292 0.387695 0.117188 0.060547
10 0.964844 0.380371 0.057292 0.053711
10 0.757161 0.465820 0.316406 0.423828
