3 0.497006 0.577000 0.790419 0.654000
10 0.272455 0.481000 0.053892 0.058000
10 0.217066 0.470000 0.062874 0.088000
10 0.175150 0.478000 0.068862 0.096000
10 0.118263 0.551000 0.074850 0.150000
10 0.127246 0.319000 0.056886 0.102000
10 0.071856 0.305000 0.053892 0.110000
10 0.115269 0.266000 0.044910 0.048000
10 0.154192 0.285000 0.044910 0.086000
10 0.163174 0.212000 0.068862 0.068000
10 0.392216 0.294000 0.053892 0.096000
10 0.440120 0.289000 0.041916 0.106000
10 0.350299 0.259000 0.047904 0.082000
10 0.498503 0.250000 0.050898 0.084000
10 0.550898 0.176000 0.035928 0.068000
10 0.649701 0.175000 0.035928 0.054000
4 0.681138 0.236000 0.152695 0.096000
4 0.940120 0.308000 0.101796 0.116000
