2 0.355469 0.793260 0.120313 0.402550
2 0.462500 0.725865 0.090625 0.377049
2 0.534375 0.666667 0.059375 0.284153
2 0.615625 0.681239 0.062500 0.240437
2 0.577344 0.575592 0.051562 0.178506
2 0.615625 0.562842 0.050000 0.131148
2 0.675000 0.504554 0.071875 0.098361
7 0.691406 0.565574 0.032813 0.078324
7 0.646094 0.795993 0.060937 0.189435
7 0.585938 0.839709 0.071875 0.196721
11 0.632812 0.551002 0.259375 0.122040
11 0.423438 0.782332 0.668750 0.373406
10 0.850781 0.712204 0.073438 0.367942
10 0.852344 0.541894 0.145313 0.577413
10 0.754687 0.535519 0.143750 0.404372
10 0.635156 0.420765 0.060937 0.160291
10 0.556250 0.402550 0.100000 0.182149
10 0.500781 0.435337 0.095312 0.302368
10 0.412500 0.410747 0.150000 0.395264
10 0.207031 0.418944 0.257812 0.790528
7 0.472656 0.468124 0.029687 0.080146
