0 0.451484 0.773545 0.105023 0.101884
4 0.293094 0.711045 0.149543 0.092466
10 0.818636 0.695420 0.017979 0.076627
10 0.834047 0.691139 0.019121 0.084332
10 0.854880 0.696276 0.020263 0.074914
10 0.875000 0.688356 0.022260 0.081336
10 0.777255 0.723031 0.032820 0.135274
10 0.739583 0.724743 0.025400 0.135274
10 0.718322 0.739940 0.038242 0.187928
10 0.662671 0.778039 0.060502 0.264127
10 0.615868 0.792594 0.066781 0.245291
10 0.557363 0.793878 0.069064 0.241866
6 0.530965 0.766053 0.041381 0.110017
6 0.382848 0.817209 0.093322 0.138699
6 0.302654 0.839255 0.109304 0.151113
