6 0.062988 0.519118 0.077148 0.173529
6 0.122070 0.525735 0.074219 0.154412
6 0.210938 0.530147 0.089844 0.122059
6 0.433105 0.461029 0.071289 0.098529
6 0.490723 0.449265 0.061523 0.122059
6 0.264648 0.796324 0.193359 0.392647
6 0.418457 0.761029 0.174805 0.372059
6 0.537598 0.657353 0.139648 0.267647
6 0.720215 0.587500 0.122070 0.219118
6 0.646484 0.430147 0.064453 0.077941
6 0.789062 0.508088 0.082031 0.207353
6 0.951172 0.492647 0.076172 0.123529
11 0.200195 0.477941 0.294922 0.150000
11 0.409668 0.433824 0.188477 0.108824
11 0.671875 0.409559 0.150391 0.095588
11 0.876465 0.511029 0.186523 0.230882
11 0.656738 0.555882 0.235352 0.258824
11 0.325684 0.759559 0.561523 0.451471
11 0.754395 0.798529 0.499023 0.367647
7 0.241699 0.601471 0.043945 0.091176
7 0.202637 0.580882 0.034180 0.094118
7 0.746582 0.783824 0.038086 0.123529
7 0.800293 0.780147 0.040039 0.130882
7 0.842773 0.694118 0.041016 0.117647
7 0.927246 0.619118 0.034180 0.100000
7 0.974609 0.626471 0.037109 0.100000
7 0.375488 0.550735 0.032227 0.086765
7 0.489746 0.518382 0.036133 0.083824
7 0.243652 0.445588 0.032227 0.079412
7 0.383789 0.397059 0.015625 0.055882
7 0.436523 0.389706 0.021484 0.055882
7 0.861816 0.427941 0.045898 0.061765
7 0.921387 0.405882 0.040039 0.047059
