5 0.508594 0.777083 0.351562 0.412500
10 0.315625 0.576042 0.031250 0.085417
10 0.382031 0.495833 0.042188 0.087500
10 0.317969 0.405208 0.035937 0.068750
10 0.407813 0.411458 0.028125 0.064583
10 0.428125 0.429167 0.025000 0.070833
10 0.458594 0.380208 0.026562 0.064583
10 0.515625 0.459375 0.040625 0.089583
10 0.356250 0.293750 0.025000 0.050000
10 0.564063 0.367708 0.037500 0.056250
10 0.560937 0.401042 0.028125 0.068750
10 0.648438 0.380208 0.028125 0.072917
10 0.710156 0.505208 0.026562 0.089583
10 0.756250 0.608333 0.031250 0.100000
