0 0.213867 0.807943 0.312500 0.196615
0 0.503418 0.735026 0.223633 0.144531
0 0.691895 0.695312 0.135742 0.125000
10 0.113770 0.708984 0.057617 0.230469
10 0.181641 0.719401 0.099609 0.186198
10 0.241699 0.621745 0.034180 0.092448
10 0.295898 0.730469 0.130859 0.270833
10 0.444824 0.666667 0.063477 0.151042
10 0.504395 0.684245 0.063477 0.173177
10 0.567871 0.676432 0.061523 0.162760
10 0.654785 0.667318 0.069336 0.162760
10 0.687012 0.625000 0.049805 0.109375
10 0.736816 0.615885 0.043945 0.088542
0 0.828125 0.651042 0.037109 0.059896
0 0.780762 0.649740 0.026367 0.067708
0 0.891113 0.619141 0.045898 0.063802
0 0.960938 0.621094 0.039062 0.046875
