2 0.564844 0.607292 0.039062 0.156250
7 0.322656 0.703125 0.079687 0.210417
7 0.416406 0.667708 0.085938 0.139583
7 0.435156 0.857292 0.142187 0.277083
7 0.910156 0.819792 0.129688 0.293750
7 0.764844 0.627083 0.067187 0.150000
7 0.675000 0.575000 0.059375 0.104167
11 0.160938 0.567708 0.284375 0.535417
11 0.393750 0.481250 0.246875 0.395833
11 0.482031 0.469792 0.082812 0.168750
11 0.582031 0.448958 0.067187 0.097917
11 0.669531 0.451042 0.085938 0.131250
11 0.870313 0.447917 0.228125 0.354167
