2 0.609917 0.411765 0.039669 0.143223
2 0.734711 0.379795 0.028099 0.104859
2 0.754545 0.381074 0.031405 0.112532
7 0.551240 0.442455 0.034711 0.107417
2 0.023140 0.332481 0.026446 0.086957
2 0.043802 0.319693 0.021488 0.107417
2 0.071901 0.367008 0.028099 0.094629
2 0.092562 0.369565 0.019835 0.084399
2 0.117355 0.367008 0.023140 0.074169
2 0.119835 0.305627 0.047934 0.069054
2 0.162810 0.320972 0.024793 0.094629
2 0.148760 0.341432 0.023140 0.089514
10 0.373554 0.327366 0.046281 0.092072
10 0.434711 0.360614 0.099174 0.245524
10 0.815702 0.551151 0.127273 0.539642
10 0.919008 0.411765 0.109091 0.240409
6 0.309917 0.757033 0.233058 0.470588
6 0.488430 0.735294 0.190083 0.508951
6 0.646281 0.704604 0.145455 0.498721
6 0.839669 0.709719 0.168595 0.468031
