3 0.710166 0.679412 0.319648 0.355882
3 0.067449 0.702941 0.111437 0.191176
0 0.468231 0.786029 0.039101 0.072059
10 0.412512 0.747059 0.029326 0.058824
10 0.469697 0.755882 0.030303 0.070588
10 0.442815 0.744853 0.013685 0.048529
10 0.508309 0.754412 0.023460 0.076471
10 0.357771 0.755147 0.019550 0.063235
10 0.292278 0.747794 0.017595 0.039706
10 0.552786 0.753676 0.020528 0.069118
10 0.536657 0.756618 0.019550 0.089706
4 0.253666 0.766912 0.088954 0.119118
4 0.153959 0.832353 0.212121 0.252941
4 0.910068 0.807353 0.172043 0.226471
