1 0.496111 0.784884 0.394444 0.151163
1 0.651667 0.544020 0.167778 0.091362
1 0.366667 0.431894 0.086667 0.053156
1 0.205000 0.491694 0.130000 0.059801
10 0.172222 0.482558 0.026667 0.031561
10 0.203333 0.485050 0.017778 0.036545
10 0.217778 0.480897 0.017778 0.028239
10 0.358889 0.751661 0.037778 0.068106
10 0.603333 0.775748 0.037778 0.063123
10 0.473333 0.754983 0.180000 0.081395
10 0.612222 0.535714 0.024444 0.041528
10 0.640556 0.530731 0.016667 0.038206
10 0.678333 0.531561 0.021111 0.046512
