2 0.160668 0.775000 0.156812 0.430000
2 0.128535 0.579000 0.077121 0.162000
2 0.231362 0.584000 0.061697 0.168000
2 0.313625 0.576000 0.071979 0.180000
2 0.335476 0.703000 0.125964 0.322000
2 0.419023 0.584000 0.092545 0.180000
2 0.475578 0.720000 0.128535 0.320000
2 0.601542 0.578000 0.082262 0.192000
2 0.685090 0.577000 0.069409 0.166000
2 0.767352 0.574000 0.079692 0.200000
2 0.840617 0.585000 0.077121 0.194000
2 0.930591 0.572000 0.082262 0.196000
2 0.601542 0.736000 0.113111 0.328000
2 0.703085 0.751000 0.120823 0.342000
2 0.854756 0.789000 0.156812 0.406000
2 0.057841 0.682000 0.105398 0.432000
2 0.255784 0.357000 0.280206 0.606000
2 0.515424 0.351000 0.347044 0.618000
2 0.830334 0.340000 0.262211 0.564000
