2 0.535000 0.538667 0.054000 0.170667
2 0.435000 0.585333 0.062000 0.200000
2 0.630000 0.582667 0.056000 0.125333
7 0.331000 0.549333 0.054000 0.106667
7 0.226000 0.596000 0.064000 0.200000
7 0.070000 0.708000 0.112000 0.333333
7 0.635000 0.692000 0.098000 0.146667
7 0.628000 0.845333 0.128000 0.298667
10 0.065000 0.508000 0.118000 0.392000
10 0.115000 0.478667 0.130000 0.312000
10 0.227000 0.440000 0.130000 0.218667
10 0.395000 0.444000 0.130000 0.189333
10 0.551000 0.428000 0.134000 0.216000
10 0.669000 0.444000 0.138000 0.232000
10 0.842000 0.477333 0.172000 0.314667
10 0.856000 0.505333 0.280000 0.525333
11 0.500000 0.757333 0.988000 0.469333
