2 0.509000 0.317333 0.114000 0.122667
2 0.646000 0.326667 0.132000 0.114667
2 0.509000 0.168000 0.050000 0.128000
2 0.381000 0.166667 0.038000 0.130667
2 0.413000 0.170667 0.038000 0.128000
2 0.388000 0.325333 0.088000 0.128000
2 0.063000 0.302667 0.082000 0.136000
2 0.056000 0.465333 0.076000 0.157333
2 0.574000 0.456000 0.256000 0.106667
2 0.558000 0.608000 0.164000 0.117333
2 0.398000 0.470667 0.088000 0.146667
2 0.775000 0.166667 0.086000 0.082667
2 0.970000 0.349333 0.052000 0.096000
2 0.916000 0.328000 0.028000 0.117333
2 0.895000 0.450667 0.074000 0.117333
2 0.053000 0.604000 0.062000 0.093333
7 0.328000 0.184000 0.056000 0.106667
7 0.747000 0.661333 0.198000 0.320000
7 0.395000 0.764000 0.118000 0.232000
10 0.264000 0.574667 0.504000 0.824000
10 0.763000 0.588000 0.470000 0.813333
