10 0.135417 0.658905 0.127451 0.624183
10 0.193474 0.414420 0.077512 0.192402
10 0.295343 0.397467 0.088235 0.127451
10 0.395987 0.616422 0.092218 0.544935
10 0.444393 0.387459 0.089154 0.144199
10 0.546875 0.602124 0.088235 0.482843
10 0.646752 0.398489 0.052083 0.114788
10 0.689185 0.594771 0.092218 0.570261
10 0.747549 0.638072 0.107230 0.639706
10 0.814798 0.649714 0.212316 0.659722
10 0.620558 0.623162 0.116728 0.499592
10 0.352175 0.674428 0.125306 0.581699
10 0.260723 0.672386 0.110294 0.620098
