1 0.232813 0.530445 0.112500 0.086651
1 0.525781 0.558548 0.092188 0.063232
1 0.483594 0.539813 0.073438 0.067916
1 0.396875 0.488290 0.090625 0.180328
1 0.310937 0.470726 0.053125 0.177986
10 0.273438 0.816159 0.046875 0.156909
10 0.434375 0.696721 0.037500 0.105386
10 0.404687 0.699063 0.028125 0.096019
10 0.474219 0.714286 0.032813 0.121780
10 0.496875 0.748244 0.028125 0.124122
10 0.517188 0.744731 0.025000 0.121780
10 0.535937 0.666276 0.021875 0.063232
10 0.543750 0.754098 0.034375 0.126464
10 0.607031 0.670960 0.023438 0.091335
10 0.587500 0.728337 0.031250 0.107728
10 0.657031 0.733021 0.042188 0.107728
10 0.843750 0.724824 0.034375 0.105386
