2 0.539844 0.098432 0.089063 0.092334
2 0.675781 0.100174 0.042188 0.088850
2 0.750000 0.108014 0.043750 0.080139
2 0.623437 0.200348 0.281250 0.080139
2 0.416406 0.111498 0.051562 0.059233
2 0.412500 0.223868 0.153125 0.144599
10 0.418750 0.383275 0.143750 0.174216
10 0.517188 0.361498 0.118750 0.182927
10 0.650000 0.337979 0.078125 0.139373
10 0.749219 0.364983 0.110937 0.252613
10 0.870313 0.495645 0.128125 0.162021
10 0.732031 0.497387 0.117188 0.165505
10 0.689063 0.483449 0.150000 0.120209
10 0.966406 0.463415 0.060937 0.121951
10 0.324219 0.479094 0.154688 0.181185
10 0.495312 0.498258 0.150000 0.170732
10 0.083594 0.481707 0.132812 0.196864
7 0.179688 0.512195 0.043750 0.108014
7 0.901563 0.513066 0.037500 0.116725
9 0.426563 0.737805 0.625000 0.479094
9 0.726562 0.723868 0.531250 0.482578
