10 0.035156 0.400293 0.060937 0.231672
10 0.064844 0.319648 0.035937 0.093842
10 0.103125 0.370968 0.034375 0.202346
10 0.128906 0.300587 0.026562 0.085044
10 0.162500 0.370968 0.056250 0.237537
10 0.240625 0.315249 0.037500 0.120235
10 0.220312 0.425220 0.100000 0.275660
10 0.307812 0.382698 0.068750 0.290323
10 0.422656 0.262463 0.032813 0.102639
10 0.520312 0.288856 0.065625 0.120235
10 0.520312 0.353372 0.078125 0.161290
10 0.404687 0.451613 0.078125 0.351906
10 0.475781 0.479472 0.110937 0.442815
10 0.582812 0.334311 0.078125 0.222874
10 0.614844 0.640762 0.207813 0.689150
10 0.682813 0.348974 0.081250 0.193548
10 0.707031 0.306452 0.057813 0.137830
10 0.757812 0.410557 0.093750 0.316716
10 0.872656 0.412023 0.085938 0.348974
10 0.941406 0.384164 0.101562 0.381232
9 0.114844 0.413490 0.060937 0.146628
9 0.043750 0.439883 0.078125 0.146628
9 0.230469 0.492669 0.126562 0.211144
9 0.159375 0.447214 0.062500 0.173021
9 0.319531 0.412023 0.135937 0.202346
9 0.460156 0.558651 0.179688 0.272727
9 0.725781 0.535191 0.164062 0.266862
9 0.897656 0.643695 0.164062 0.272727
9 0.630469 0.740469 0.379688 0.390029
