7 0.395000 0.626126 0.038000 0.135135
7 0.429000 0.633634 0.034000 0.126126
7 0.383000 0.521021 0.030000 0.111111
7 0.415000 0.519520 0.050000 0.102102
7 0.576000 0.481982 0.028000 0.099099
7 0.609000 0.549550 0.034000 0.096096
7 0.736000 0.445946 0.036000 0.111111
2 0.077000 0.300300 0.050000 0.096096
2 0.026000 0.370871 0.036000 0.117117
2 0.100000 0.376877 0.040000 0.147147
6 0.156000 0.744745 0.292000 0.492492
6 0.634000 0.734234 0.308000 0.489489
6 0.873000 0.699700 0.194000 0.534535
11 0.511000 0.671171 0.686000 0.519520
