9 0.349765 0.589052 0.417840 0.455882
9 0.637715 0.319444 0.123631 0.138889
9 0.569640 0.413399 0.147105 0.199346
9 0.756651 0.571078 0.333333 0.485294
9 0.948357 0.277778 0.087637 0.133987
9 0.873239 0.244281 0.084507 0.116013
10 0.370892 0.385621 0.172144 0.395425
10 0.456182 0.398693 0.107981 0.392157
10 0.522692 0.244281 0.106416 0.171569
10 0.633020 0.219771 0.051643 0.086601
10 0.949922 0.205882 0.078247 0.133987
10 0.866197 0.207516 0.067293 0.114379
10 0.763693 0.374183 0.262911 0.542484
