10 0.164675 0.377859 0.077512 0.175654
10 0.268229 0.382557 0.076287 0.140114
10 0.374694 0.586601 0.094363 0.562092
10 0.422181 0.356005 0.104167 0.151552
10 0.465686 0.601307 0.123162 0.549020
10 0.535846 0.587827 0.091299 0.502451
10 0.688572 0.375613 0.093444 0.151552
10 0.651042 0.381332 0.088235 0.145833
10 0.596814 0.565564 0.121936 0.443219
10 0.719363 0.617851 0.110294 0.595997
10 0.822457 0.641953 0.165748 0.686683
10 0.323836 0.651757 0.120098 0.601716
10 0.223039 0.668505 0.134804 0.615605
10 0.108456 0.650327 0.162377 0.655229
