2 0.367969 0.663934 0.042188 0.152225
2 0.597656 0.605386 0.023438 0.091335
6 0.553906 0.853630 0.235937 0.264637
6 0.436719 0.809133 0.179688 0.348946
6 0.675781 0.800937 0.160938 0.360656
6 0.720313 0.796253 0.128125 0.360656
6 0.196875 0.855972 0.303125 0.283372
6 0.163281 0.788056 0.217188 0.306792
11 0.332813 0.819672 0.428125 0.299766
11 0.611719 0.755269 0.270313 0.302108
10 0.032031 0.483607 0.051562 0.185012
7 0.068750 0.586651 0.031250 0.086651
10 0.195312 0.512881 0.181250 0.281030
10 0.331250 0.530445 0.084375 0.119438
10 0.481250 0.545667 0.053125 0.131148
10 0.600000 0.536300 0.090625 0.121780
10 0.532031 0.522248 0.032813 0.084309
10 0.396094 0.528103 0.045312 0.081967
