6 0.049609 0.552604 0.089063 0.173958
6 0.083594 0.585677 0.157031 0.215104
6 0.090430 0.734635 0.166797 0.393229
6 0.629297 0.844271 0.286719 0.287500
6 0.389844 0.591667 0.147656 0.209375
11 0.561133 0.749740 0.469141 0.313021
11 0.288477 0.575260 0.208203 0.239063
11 0.083203 0.414583 0.109375 0.070833
11 0.296094 0.421875 0.107031 0.059375
11 0.436914 0.416927 0.087109 0.072396
2 0.591016 0.604167 0.059375 0.141667
2 0.440820 0.397656 0.016016 0.045312
2 0.300195 0.390625 0.019141 0.051042
10 0.713086 0.437760 0.108203 0.298438
10 0.367383 0.348177 0.058203 0.135937
10 0.342969 0.290625 0.050000 0.114583
10 0.248047 0.321875 0.035937 0.142708
10 0.487891 0.370312 0.038281 0.126042
11 0.578320 0.513021 0.155078 0.114583
11 0.871289 0.608333 0.191016 0.169792
2 0.941211 0.548438 0.040234 0.094792
