2 0.251465 0.430339 0.116211 0.436198
2 0.612793 0.440104 0.088867 0.359375
2 0.853027 0.613281 0.188477 0.757812
6 0.523438 0.274089 0.099609 0.175781
6 0.691406 0.296875 0.070312 0.205729
6 0.783691 0.266276 0.075195 0.139323
6 0.357910 0.276042 0.106445 0.161458
6 0.271973 0.266276 0.069336 0.152344
10 0.194824 0.196615 0.040039 0.075521
10 0.278809 0.180990 0.051758 0.080729
10 0.343750 0.166667 0.039062 0.065104
10 0.451660 0.216146 0.077148 0.276042
10 0.824219 0.192708 0.101562 0.130208
11 0.595215 0.268229 0.106445 0.109375
11 0.515625 0.727865 0.955078 0.489583
