0 0.821875 0.858491 0.175000 0.202830
10 0.117969 0.660377 0.054688 0.146226
10 0.049219 0.652123 0.045312 0.195755
10 0.271875 0.604953 0.031250 0.091981
10 0.314063 0.602594 0.040625 0.106132
10 0.346875 0.596698 0.034375 0.122642
10 0.375000 0.596698 0.037500 0.117925
10 0.424219 0.621462 0.029687 0.158019
10 0.470313 0.688679 0.046875 0.198113
10 0.508594 0.576651 0.035937 0.096698
10 0.547656 0.601415 0.032813 0.127358
10 0.514062 0.689858 0.037500 0.186321
10 0.561719 0.689858 0.039062 0.181604
10 0.594531 0.560142 0.042188 0.091981
10 0.462500 0.538915 0.037500 0.087264
10 0.399219 0.534198 0.035937 0.096698
10 0.230469 0.527123 0.032813 0.087264
10 0.307812 0.531840 0.062500 0.091981
10 0.614062 0.627358 0.037500 0.136792
10 0.650000 0.582547 0.034375 0.080189
10 0.661719 0.678066 0.048438 0.153302
10 0.708594 0.621462 0.039062 0.143868
10 0.750781 0.580189 0.023438 0.122642
10 0.767969 0.612028 0.032813 0.148585
10 0.801562 0.607311 0.037500 0.148585
10 0.835938 0.603774 0.031250 0.127358
10 0.883594 0.701651 0.045312 0.186321
10 0.955469 0.714623 0.048438 0.198113
10 0.934375 0.626179 0.053125 0.153302
10 0.731250 0.712264 0.059375 0.216981
10 0.813281 0.825472 0.054688 0.273585
10 0.625000 0.780660 0.046875 0.193396
10 0.398438 0.804245 0.084375 0.259434
10 0.328125 0.860849 0.103125 0.254717
