6 0.553223 0.744792 0.079102 0.138021
6 0.711426 0.852865 0.073242 0.221354
6 0.742676 0.876953 0.065430 0.214844
6 0.805176 0.899740 0.079102 0.184896
6 0.036133 0.751302 0.041016 0.101562
6 0.152832 0.815104 0.120117 0.221354
10 0.256836 0.742839 0.078125 0.105469
10 0.452637 0.848307 0.149414 0.243490
10 0.446777 0.660807 0.075195 0.076823
10 0.359863 0.652995 0.043945 0.069010
10 0.278320 0.652344 0.060547 0.067708
10 0.595703 0.649740 0.039062 0.083333
10 0.766602 0.660807 0.046875 0.100260
10 0.824707 0.697266 0.077148 0.126302
10 0.729492 0.714193 0.080078 0.115885
10 0.801270 0.731771 0.094727 0.130208
10 0.921875 0.688802 0.105469 0.294271
