0 0.328906 0.858491 0.610938 0.259434
10 0.211719 0.716981 0.032813 0.080189
10 0.176563 0.713443 0.040625 0.077830
10 0.126562 0.714623 0.050000 0.080189
9 0.521875 0.709906 0.078125 0.122642
0 0.730469 0.734670 0.064062 0.077830
10 0.808594 0.751179 0.051562 0.205189
10 0.876563 0.696934 0.037500 0.096698
10 0.913281 0.695755 0.045312 0.103774
10 0.665625 0.701651 0.037500 0.087264
10 0.637500 0.707547 0.031250 0.113208
10 0.596094 0.704009 0.048438 0.101415
10 0.458594 0.688679 0.029687 0.070755
10 0.192188 0.298349 0.084375 0.257075
