10 0.048709 0.273958 0.073944 0.222917
10 0.140845 0.294792 0.075117 0.197917
10 0.288146 0.432292 0.116197 0.247917
10 0.382629 0.485417 0.183099 0.379167
10 0.525235 0.334375 0.099765 0.177083
10 0.600352 0.343750 0.073944 0.154167
10 0.678404 0.425000 0.140845 0.287500
10 0.698357 0.353125 0.072770 0.222917
10 0.854460 0.369792 0.086854 0.210417
6 0.401408 0.726042 0.258216 0.464583
6 0.735329 0.735417 0.151408 0.425000
6 0.836854 0.733333 0.105634 0.454167
11 0.180164 0.616667 0.174883 0.391667
11 0.604460 0.737500 0.321596 0.516667
