10 0.629167 0.260125 0.125000 0.246106
10 0.703125 0.275701 0.102083 0.214953
10 0.855208 0.263240 0.152083 0.445483
7 0.045833 0.566978 0.066667 0.186916
7 0.146875 0.570093 0.089583 0.149533
7 0.348958 0.479751 0.060417 0.149533
7 0.736458 0.520249 0.060417 0.149533
7 0.815625 0.598131 0.118750 0.118380
7 0.943750 0.789720 0.100000 0.171340
11 0.409375 0.291277 0.318750 0.146417
6 0.260417 0.361371 0.125000 0.242991
6 0.075000 0.342679 0.095833 0.205607
6 0.150000 0.401869 0.079167 0.230530
6 0.351042 0.358255 0.131250 0.174455
6 0.577083 0.353583 0.125000 0.152648
