3 0.506250 0.676815 0.359375 0.515222
4 0.693750 0.727166 0.071875 0.185012
4 0.731250 0.668618 0.103125 0.208431
4 0.783594 0.620609 0.092188 0.159251
4 0.812500 0.596019 0.093750 0.133489
10 0.778125 0.498829 0.028125 0.060890
10 0.826562 0.495316 0.031250 0.067916
10 0.289844 0.598361 0.064062 0.138173
10 0.228906 0.608899 0.048438 0.159251
10 0.196094 0.604215 0.042188 0.140515
10 0.158594 0.644028 0.042188 0.154567
10 0.128906 0.642857 0.039062 0.156909
10 0.058594 0.652225 0.092188 0.152225
4 0.751563 0.466042 0.146875 0.117096
4 0.798438 0.413349 0.068750 0.096019
4 0.822656 0.386417 0.067187 0.079625
4 0.868750 0.338407 0.071875 0.081967
4 0.894531 0.518735 0.089063 0.105386
4 0.921094 0.473068 0.082812 0.112412
4 0.909375 0.407494 0.090625 0.088993
4 0.956250 0.378220 0.065625 0.091335
4 0.814844 0.848946 0.201563 0.283372
4 0.221094 0.871194 0.332813 0.224824
