0 0.279000 0.628000 0.154000 0.525333
0 0.135000 0.633333 0.162000 0.616000
4 0.629000 0.314667 0.206000 0.181333
10 0.224000 0.354667 0.048000 0.224000
10 0.267000 0.344000 0.050000 0.277333
10 0.373000 0.381333 0.114000 0.256000
10 0.401000 0.318667 0.070000 0.200000
10 0.463000 0.325333 0.082000 0.224000
10 0.614000 0.352000 0.116000 0.224000
10 0.784000 0.337333 0.092000 0.216000
9 0.415000 0.446667 0.210000 0.205333
9 0.676000 0.468000 0.328000 0.205333
9 0.734000 0.660000 0.464000 0.328000
9 0.692000 0.757333 0.560000 0.474667
