1 0.124219 0.791667 0.132812 0.091667
1 0.154688 0.818750 0.128125 0.095833
1 0.335156 0.681250 0.095312 0.183333
1 0.370312 0.787500 0.109375 0.095833
1 0.452344 0.835417 0.135937 0.087500
1 0.487500 0.773958 0.121875 0.068750
1 0.549219 0.723958 0.123438 0.064583
1 0.628125 0.802083 0.115625 0.083333
1 0.687500 0.759375 0.109375 0.056250
1 0.940625 0.788542 0.121875 0.089583
1 0.823438 0.764583 0.090625 0.058333
1 0.722656 0.720833 0.089063 0.037500
1 0.819531 0.706250 0.064062 0.054167
1 0.881250 0.727083 0.065625 0.041667
1 0.925000 0.672917 0.140625 0.062500
1 0.717969 0.680208 0.142187 0.043750
