10 0.663281 0.469340 0.073438 0.179245
10 0.572656 0.441038 0.067187 0.160377
10 0.512500 0.439858 0.040625 0.134434
10 0.465625 0.442217 0.056250 0.181604
10 0.389062 0.459906 0.053125 0.212264
10 0.090625 0.547170 0.118750 0.429245
10 0.285938 0.438679 0.043750 0.132075
10 0.789062 0.465802 0.071875 0.176887
9 0.810937 0.525943 0.140625 0.169811
9 0.674219 0.531840 0.095312 0.158019
9 0.285156 0.502358 0.060937 0.122642
9 0.216406 0.465802 0.073438 0.125000
0 0.091406 0.646226 0.160938 0.358491
0 0.390625 0.527123 0.071875 0.200472
0 0.471875 0.523585 0.093750 0.174528
0 0.578125 0.528302 0.096875 0.146226
