2 0.573438 0.616667 0.028125 0.108333
2 0.751563 0.666667 0.040625 0.125000
7 0.650781 0.687500 0.026562 0.058333
7 0.640625 0.639583 0.025000 0.045833
6 0.199219 0.655208 0.051562 0.206250
6 0.277344 0.745833 0.120313 0.308333
6 0.350781 0.789583 0.073438 0.350000
6 0.433594 0.808333 0.110937 0.345833
6 0.559375 0.828125 0.218750 0.310417
6 0.865625 0.888542 0.250000 0.214583
11 0.546094 0.730208 0.545312 0.364583
10 0.343750 0.514583 0.046875 0.116667
10 0.320312 0.538542 0.068750 0.139583
10 0.248438 0.576042 0.087500 0.197917
10 0.225781 0.460417 0.104688 0.179167
10 0.130469 0.589583 0.070312 0.350000
10 0.424219 0.511458 0.064062 0.114583
10 0.493750 0.509375 0.056250 0.077083
10 0.582031 0.537500 0.085938 0.133333
10 0.639844 0.544792 0.064062 0.139583
10 0.720313 0.575000 0.134375 0.170833
10 0.866406 0.627083 0.098437 0.208333
10 0.952344 0.677083 0.085938 0.262500
10 0.810156 0.783333 0.185938 0.404167
10 0.503906 0.680208 0.167187 0.318750
10 0.432031 0.626042 0.098437 0.214583
