2 0.122656 0.633333 0.073438 0.279167
2 0.181250 0.606250 0.065625 0.270833
2 0.232031 0.592708 0.039062 0.177083
7 0.347656 0.608333 0.051562 0.166667
7 0.312500 0.661458 0.050000 0.202083
7 0.271094 0.665625 0.067187 0.210417
10 0.040625 0.456250 0.071875 0.262500
10 0.162500 0.502083 0.134375 0.183333
10 0.258594 0.468750 0.054688 0.108333
10 0.392188 0.504167 0.250000 0.345833
10 0.521875 0.437500 0.084375 0.179167
11 0.242969 0.798958 0.435937 0.364583
10 0.764844 0.487500 0.060937 0.154167
10 0.547656 0.603125 0.432812 0.747917
10 0.853125 0.611458 0.206250 0.747917
6 0.953125 0.793750 0.087500 0.387500
