11 0.515779 0.807692 0.214990 0.147929
11 0.746548 0.744083 0.167653 0.109467
6 0.112426 0.880178 0.145957 0.162722
6 0.390533 0.855030 0.102564 0.266272
6 0.520710 0.905325 0.201183 0.165680
6 0.654832 0.849112 0.118343 0.266272
6 0.801775 0.856509 0.140039 0.269231
6 0.884615 0.784024 0.112426 0.213018
6 0.761341 0.613905 0.134122 0.068047
6 0.492110 0.627219 0.151874 0.071006
6 0.604536 0.621302 0.049310 0.065089
0 0.067061 0.600592 0.122288 0.088757
0 0.171598 0.602071 0.039448 0.062130
0 0.637081 0.681953 0.102564 0.127219
