3 0.650763 0.246177 0.450382 0.400612
10 0.504771 0.365443 0.062977 0.131498
10 0.621183 0.405199 0.074427 0.229358
10 0.573473 0.492355 0.120229 0.415902
10 0.696565 0.408257 0.072519 0.235474
10 0.833015 0.469419 0.112595 0.308869
10 0.939885 0.599388 0.108779 0.617737
10 0.749046 0.648318 0.192748 0.629969
10 0.462786 0.539755 0.196565 0.480122
10 0.370229 0.373089 0.057252 0.140673
10 0.347328 0.446483 0.106870 0.342508
10 0.286260 0.513761 0.118321 0.458716
10 0.216603 0.360856 0.066794 0.183486
10 0.128817 0.327217 0.051527 0.140673
10 0.179389 0.496942 0.095420 0.388379
10 0.062023 0.477064 0.108779 0.366972
9 0.063931 0.568807 0.108779 0.262997
9 0.155534 0.625382 0.085878 0.223242
9 0.287214 0.597859 0.173664 0.339450
9 0.465649 0.616208 0.179389 0.388379
9 0.577290 0.561162 0.124046 0.284404
9 0.668893 0.633028 0.089695 0.244648
9 0.750954 0.752294 0.158397 0.409786
9 0.926527 0.831804 0.139313 0.318043
