2 0.448437 0.448437 0.096875 0.084375
2 0.497656 0.592187 0.039062 0.190625
2 0.546094 0.579688 0.032813 0.184375
2 0.581250 0.582812 0.034375 0.190625
6 0.344531 0.790625 0.251563 0.387500
6 0.896875 0.731250 0.187500 0.525000
6 0.717969 0.771875 0.239063 0.443750
11 0.566406 0.796875 0.267188 0.343750
10 0.426563 0.654687 0.259375 0.678125
10 0.910156 0.428125 0.120313 0.293750
10 0.308594 0.225000 0.054688 0.143750
10 0.382031 0.228125 0.082812 0.175000
10 0.535937 0.235937 0.078125 0.140625
