11 0.128000 0.701493 0.248000 0.197015
11 0.726000 0.768657 0.216000 0.408955
11 0.410000 0.567164 0.128000 0.107463
10 0.232000 0.510448 0.064000 0.089552
10 0.063000 0.476119 0.110000 0.200000
10 0.300000 0.494030 0.084000 0.122388
10 0.429000 0.492537 0.042000 0.077612
10 0.457000 0.497015 0.050000 0.068657
10 0.500000 0.495522 0.052000 0.089552
10 0.559000 0.538806 0.058000 0.140299
10 0.616000 0.519403 0.104000 0.149254
10 0.650000 0.502985 0.060000 0.104478
10 0.715000 0.531343 0.098000 0.125373
10 0.792000 0.500000 0.060000 0.086567
10 0.843000 0.547761 0.078000 0.140299
10 0.881000 0.555224 0.066000 0.125373
10 0.717000 0.462687 0.050000 0.083582
6 0.314000 0.786567 0.200000 0.402985
6 0.473000 0.682090 0.094000 0.343284
6 0.609000 0.752239 0.130000 0.411940
6 0.860000 0.782090 0.228000 0.394030
