2 0.060000 0.366667 0.092000 0.392000
2 0.151000 0.426667 0.090000 0.309333
2 0.235000 0.420000 0.098000 0.344000
2 0.311000 0.456000 0.082000 0.341333
2 0.393000 0.494667 0.086000 0.306667
2 0.463000 0.500000 0.082000 0.338667
2 0.530000 0.584000 0.096000 0.240000
2 0.596000 0.574667 0.076000 0.280000
2 0.654000 0.596000 0.068000 0.274667
2 0.707000 0.610667 0.078000 0.272000
2 0.764000 0.662667 0.064000 0.253333
2 0.818000 0.686667 0.076000 0.232000
2 0.870000 0.705333 0.064000 0.232000
2 0.918000 0.720000 0.080000 0.208000
2 0.964000 0.736000 0.064000 0.192000
2 0.315000 0.877333 0.506000 0.213333
