2 0.384000 0.368000 0.080000 0.410667
2 0.293000 0.368000 0.090000 0.400000
2 0.208000 0.370667 0.088000 0.389333
2 0.126000 0.369333 0.088000 0.392000
2 0.043000 0.362667 0.078000 0.394667
2 0.051000 0.808000 0.082000 0.346667
2 0.132000 0.809333 0.080000 0.349333
2 0.209000 0.809333 0.074000 0.354667
2 0.282000 0.810667 0.072000 0.357333
2 0.383000 0.812000 0.078000 0.349333
2 0.461000 0.810667 0.082000 0.362667
2 0.539000 0.816000 0.070000 0.357333
2 0.614000 0.817333 0.080000 0.354667
2 0.721000 0.817333 0.082000 0.360000
2 0.799000 0.816000 0.078000 0.352000
2 0.879000 0.813333 0.078000 0.362667
2 0.955000 0.816000 0.074000 0.352000
2 0.663000 0.358667 0.106000 0.424000
2 0.764000 0.393333 0.088000 0.365333
2 0.856000 0.388000 0.100000 0.386667
2 0.950000 0.370667 0.092000 0.416000
