10 0.377441 0.436849 0.053711 0.165365
10 0.131836 0.565104 0.167969 0.299479
10 0.200195 0.442057 0.035156 0.110677
10 0.432617 0.416667 0.039062 0.169271
10 0.510742 0.433594 0.039062 0.156250
10 0.542480 0.433594 0.038086 0.158854
10 0.630371 0.416667 0.041992 0.184896
10 0.661621 0.421224 0.049805 0.167969
10 0.696777 0.426432 0.055664 0.178385
10 0.807617 0.421875 0.046875 0.179688
10 0.778320 0.411458 0.037109 0.190104
10 0.925781 0.521484 0.097656 0.266927
10 0.468262 0.505859 0.083008 0.199219
10 0.283691 0.502604 0.104492 0.354167
