0 0.348438 0.568925 0.215625 0.207944
0 0.228125 0.821262 0.412500 0.343458
0 0.811719 0.610981 0.185938 0.226636
0 0.578125 0.367991 0.184375 0.161215
4 0.418750 0.496495 0.268750 0.282710
4 0.709375 0.526869 0.203125 0.268692
10 0.081250 0.397196 0.078125 0.140187
10 0.138281 0.412383 0.073438 0.123832
10 0.264062 0.414720 0.078125 0.179907
10 0.342969 0.470794 0.110937 0.250000
10 0.195312 0.654206 0.240625 0.635514
10 0.559375 0.511682 0.081250 0.345794
10 0.844531 0.544393 0.110937 0.448598
4 0.905469 0.434579 0.064062 0.088785
3 0.910156 0.373832 0.085938 0.084112
