9 0.111328 0.568382 0.085938 0.177941
9 0.202148 0.660294 0.201172 0.361765
9 0.371582 0.584559 0.104492 0.242647
9 0.490723 0.627206 0.141602 0.389706
9 0.831055 0.636029 0.228516 0.433824
9 0.687500 0.534559 0.093750 0.227941
9 0.619629 0.500735 0.084961 0.183824
10 0.210938 0.533824 0.113281 0.350000
10 0.264648 0.477206 0.050781 0.180882
10 0.313477 0.440441 0.035156 0.104412
10 0.369141 0.517647 0.103516 0.323529
10 0.487305 0.547059 0.171875 0.441176
10 0.587402 0.408824 0.043945 0.094118
10 0.624512 0.411765 0.047852 0.108824
10 0.680664 0.401471 0.070312 0.161765
10 0.770996 0.561029 0.184570 0.586765
10 0.120117 0.471324 0.060547 0.133824
