10 0.326000 0.701333 0.092000 0.181333
10 0.435000 0.712000 0.114000 0.202667
10 0.601000 0.710667 0.106000 0.189333
2 0.104000 0.801333 0.036000 0.077333
6 0.207000 0.914667 0.174000 0.165333
6 0.232000 0.785333 0.096000 0.136000
6 0.310000 0.798667 0.100000 0.194667
6 0.448000 0.906667 0.156000 0.154667
6 0.673000 0.804000 0.098000 0.173333
6 0.729000 0.784000 0.106000 0.197333
6 0.809000 0.752000 0.090000 0.096000
6 0.781000 0.868000 0.182000 0.184000
6 0.893000 0.849333 0.122000 0.210667
11 0.488000 0.886667 0.184000 0.210667
6 0.564000 0.869333 0.112000 0.224000
11 0.086000 0.860000 0.168000 0.136000
11 0.125000 0.750667 0.146000 0.088000
