7 0.539844 0.590625 0.039062 0.102083
7 0.554688 0.563542 0.021875 0.114583
7 0.589844 0.588542 0.035937 0.102083
11 0.176563 0.583333 0.096875 0.166667
11 0.294531 0.644792 0.114062 0.202083
11 0.516406 0.707292 0.245312 0.256250
6 0.057031 0.703125 0.101562 0.327083
6 0.396094 0.687500 0.160938 0.291667
6 0.939063 0.632292 0.118750 0.185417
10 0.116406 0.512500 0.110937 0.270833
10 0.246094 0.512500 0.117188 0.358333
10 0.360938 0.413542 0.100000 0.160417
10 0.380469 0.565625 0.120313 0.218750
10 0.469531 0.415625 0.079687 0.131250
10 0.865625 0.493750 0.037500 0.062500
10 0.892969 0.504167 0.060937 0.095833
10 0.939844 0.515625 0.089063 0.110417
10 0.704688 0.613542 0.487500 0.756250
