3 0.285645 0.736979 0.180664 0.445312
3 0.485352 0.756510 0.187500 0.325521
4 0.106445 0.942057 0.148438 0.102865
4 0.288574 0.936849 0.141602 0.123698
4 0.169434 0.823568 0.114258 0.167969
4 0.058594 0.859375 0.097656 0.174479
4 0.102051 0.735677 0.098633 0.132812
4 0.212891 0.684245 0.066406 0.108073
4 0.142090 0.654297 0.081055 0.102865
4 0.167969 0.600911 0.070312 0.076823
4 0.072266 0.609375 0.111328 0.166667
4 0.198242 0.550781 0.060547 0.067708
4 0.110352 0.492839 0.052734 0.050781
4 0.166992 0.492839 0.044922 0.055990
4 0.405762 0.549479 0.061523 0.070312
5 0.244141 0.578125 0.070312 0.104167
4 0.294434 0.426432 0.235352 0.175781
4 0.656250 0.409505 0.039062 0.048177
4 0.730469 0.421224 0.035156 0.035156
4 0.759766 0.473958 0.056641 0.052083
4 0.838379 0.552734 0.092773 0.082031
4 0.919922 0.480469 0.058594 0.059896
4 0.913086 0.436849 0.062500 0.053385
