2 0.120833 0.052344 0.070833 0.092188
2 0.192708 0.052344 0.052083 0.095312
2 0.286458 0.072656 0.047917 0.089063
2 0.330208 0.053125 0.039583 0.096875
2 0.372917 0.058594 0.058333 0.101562
2 0.452083 0.100781 0.050000 0.082812
2 0.508333 0.096094 0.062500 0.135937
2 0.579167 0.095312 0.062500 0.143750
2 0.620833 0.123438 0.041667 0.109375
2 0.668750 0.141406 0.041667 0.079687
2 0.714583 0.150000 0.045833 0.084375
2 0.762500 0.165625 0.037500 0.065625
2 0.833333 0.172656 0.045833 0.073438
2 0.883333 0.176563 0.041667 0.068750
2 0.551042 0.267969 0.056250 0.098437
2 0.639583 0.257812 0.054167 0.093750
2 0.105208 0.242188 0.097917 0.125000
2 0.159375 0.363281 0.160417 0.114062
2 0.979167 0.364844 0.041667 0.079687
2 0.957292 0.648438 0.072917 0.140625
2 0.842708 0.468750 0.039583 0.087500
2 0.500000 0.652344 0.100000 0.170313
7 0.664583 0.372656 0.091667 0.051562
7 0.752083 0.371094 0.058333 0.045312
7 0.732292 0.437500 0.114583 0.068750
7 0.803125 0.768750 0.164583 0.268750
10 0.335417 0.537500 0.541667 0.659375
