6 0.793750 0.688281 0.150000 0.198437
6 0.726042 0.620313 0.122917 0.137500
6 0.203125 0.892188 0.172917 0.200000
6 0.291667 0.850781 0.166667 0.267188
6 0.420833 0.708594 0.095833 0.192188
6 0.510417 0.637500 0.083333 0.121875
11 0.144792 0.772656 0.243750 0.076563
11 0.089583 0.869531 0.162500 0.114062
10 0.286458 0.740625 0.268750 0.390625
10 0.369792 0.575781 0.114583 0.076563
10 0.483333 0.592187 0.087500 0.121875
10 0.545833 0.498437 0.045833 0.068750
10 0.621875 0.509375 0.060417 0.103125
10 0.658333 0.527344 0.070833 0.064062
4 0.305208 0.513281 0.247917 0.110937
