0 0.342969 0.504167 0.232813 0.458333
0 0.619531 0.330556 0.123438 0.144444
0 0.768750 0.319444 0.112500 0.150000
3 0.920312 0.243056 0.150000 0.219444
10 0.232813 0.212500 0.071875 0.091667
10 0.295312 0.276389 0.075000 0.186111
10 0.346094 0.259722 0.042188 0.152778
10 0.394531 0.279167 0.060937 0.197222
10 0.442188 0.244444 0.025000 0.127778
10 0.521094 0.261111 0.048438 0.150000
10 0.618750 0.236111 0.056250 0.133333
10 0.770312 0.270833 0.040625 0.191667
10 0.838281 0.269444 0.045312 0.250000
10 0.471094 0.495833 0.176563 0.413889
