0 0.629687 0.751042 0.196875 0.239583
0 0.953125 0.703125 0.084375 0.193750
9 0.807813 0.860417 0.268750 0.270833
9 0.064062 0.627083 0.109375 0.250000
10 0.840625 0.631250 0.068750 0.270833
10 0.905469 0.554167 0.029687 0.216667
10 0.955469 0.560417 0.048438 0.162500
10 0.713281 0.572917 0.064062 0.129167
10 0.571875 0.526042 0.046875 0.181250
10 0.535937 0.556250 0.065625 0.262500
10 0.495312 0.567708 0.068750 0.260417
10 0.400000 0.527083 0.046875 0.195833
10 0.428906 0.528125 0.045312 0.197917
10 0.468750 0.489583 0.031250 0.141667
10 0.341406 0.509375 0.054688 0.168750
10 0.297656 0.502083 0.067187 0.179167
10 0.214844 0.460417 0.054688 0.104167
10 0.228906 0.302083 0.057813 0.087500
2 0.233594 0.114583 0.164062 0.220833
2 0.500781 0.142708 0.117188 0.227083
11 0.279687 0.583333 0.112500 0.079167
11 0.268750 0.726042 0.271875 0.268750
11 0.668750 0.587500 0.121875 0.100000
