2 0.647917 0.567187 0.162500 0.325000
2 0.452083 0.525781 0.116667 0.270313
7 0.863542 0.596094 0.089583 0.107813
7 0.653125 0.698438 0.152083 0.234375
7 0.769792 0.662500 0.114583 0.159375
10 0.534375 0.314844 0.156250 0.129688
10 0.300000 0.392969 0.116667 0.098437
10 0.433333 0.404687 0.195833 0.171875
10 0.631250 0.445312 0.262500 0.203125
10 0.777083 0.433594 0.391667 0.285938
10 0.373958 0.498437 0.706250 0.975000
7 0.931250 0.820312 0.129167 0.265625
11 0.595833 0.730469 0.800000 0.529687
