2 0.516602 0.473177 0.034766 0.115104
2 0.554102 0.510938 0.030078 0.108333
2 0.554102 0.594792 0.031641 0.100000
2 0.550586 0.674479 0.026172 0.103125
2 0.517383 0.559375 0.032422 0.087500
2 0.517383 0.629167 0.033984 0.092708
2 0.480273 0.562500 0.036328 0.108333
2 0.480664 0.659896 0.040234 0.103125
2 0.480664 0.746354 0.033984 0.105208
2 0.412695 0.559115 0.033984 0.116146
2 0.413086 0.668490 0.034766 0.130729
2 0.415039 0.773698 0.035547 0.116146
2 0.334180 0.585677 0.034766 0.127604
2 0.335742 0.689323 0.039453 0.122396
2 0.340820 0.806510 0.041797 0.134896
2 0.244727 0.656250 0.045703 0.110417
2 0.246289 0.753385 0.041016 0.121354
2 0.250977 0.852865 0.040234 0.120313
2 0.201367 0.518750 0.031641 0.090625
2 0.202148 0.598437 0.031641 0.093750
2 0.209570 0.683333 0.033984 0.108333
2 0.136914 0.639323 0.037109 0.131771
2 0.139648 0.746094 0.031641 0.123438
2 0.145508 0.850260 0.043359 0.119271
2 0.077930 0.515885 0.040234 0.127604
2 0.077930 0.580729 0.033984 0.096875
2 0.075977 0.673438 0.030078 0.094792
2 0.077148 0.775781 0.044141 0.143229
2 0.716211 0.598698 0.032422 0.128646
2 0.716211 0.702344 0.037109 0.116146
2 0.711523 0.795833 0.032422 0.096875
2 0.830273 0.608594 0.033984 0.118229
2 0.827539 0.714844 0.037891 0.120313
2 0.823242 0.809896 0.042578 0.112500
2 0.916602 0.613802 0.041016 0.118229
2 0.908789 0.716667 0.039453 0.113542
2 0.901367 0.809635 0.040234 0.114062
2 0.976758 0.790365 0.042578 0.155729
0 0.692773 0.193750 0.093359 0.067708
2 0.128320 0.225521 0.027734 0.086458
10 0.226953 0.185156 0.021094 0.113021
10 0.198633 0.190104 0.037109 0.126042
10 0.167969 0.188802 0.035156 0.128646
10 0.133008 0.183854 0.045703 0.141667
10 0.035156 0.320573 0.064844 0.459896
10 0.087500 0.311458 0.133594 0.430208
10 0.523438 0.191667 0.026562 0.106250
10 0.444922 0.192969 0.032813 0.108854
10 0.415625 0.206510 0.050781 0.147396
10 0.373437 0.212760 0.035937 0.148438
10 0.293555 0.264844 0.087109 0.317188
10 0.613867 0.212240 0.051953 0.215104
10 0.565430 0.249740 0.057422 0.273438
10 0.836719 0.221615 0.064844 0.270313
10 0.782617 0.298438 0.098828 0.410417
10 0.906836 0.266146 0.128516 0.418750
10 0.585742 0.515625 0.184766 0.355208
10 0.460156 0.396354 0.133594 0.472917
