6 0.839453 0.729861 0.289844 0.434722
6 0.166406 0.768056 0.301563 0.455556
11 0.546484 0.832639 0.339844 0.295833
11 0.614453 0.395139 0.278906 0.137500
10 0.056250 0.277778 0.085938 0.394444
10 0.181641 0.275000 0.061719 0.305556
10 0.236719 0.271528 0.064062 0.309722
10 0.309766 0.270833 0.102344 0.338889
10 0.518750 0.236806 0.060937 0.229167
10 0.578125 0.289583 0.068750 0.126389
10 0.708984 0.295833 0.074219 0.361111
10 0.778125 0.293056 0.054688 0.352778
10 0.846094 0.293056 0.079687 0.361111
