4 0.800789 0.692308 0.374753 0.544379
10 0.821499 0.417160 0.069034 0.153846
10 0.702170 0.396450 0.039448 0.094675
10 0.658777 0.408284 0.043393 0.142012
10 0.597633 0.424556 0.047337 0.139053
10 0.555227 0.486686 0.080868 0.257396
10 0.481262 0.443787 0.047337 0.153846
10 0.420118 0.451183 0.071006 0.192308
10 0.325444 0.510355 0.134122 0.363905
10 0.185404 0.473373 0.118343 0.242604
10 0.063116 0.517751 0.110454 0.325444
9 0.044379 0.615385 0.080868 0.230769
9 0.194280 0.575444 0.088757 0.180473
9 0.338264 0.634615 0.124260 0.257396
9 0.429980 0.505917 0.059172 0.142012
9 0.483235 0.498521 0.051282 0.127219
9 0.541420 0.562130 0.080868 0.213018
9 0.596647 0.471893 0.057199 0.079882
9 0.658777 0.452663 0.074951 0.088757
9 0.710059 0.454142 0.047337 0.091716
9 0.820513 0.443787 0.086785 0.100592
