7 0.018000 0.512000 0.028000 0.074667
7 0.092000 0.500000 0.032000 0.082667
7 0.157000 0.498667 0.042000 0.069333
7 0.192000 0.654667 0.052000 0.136000
7 0.249000 0.717333 0.054000 0.165333
7 0.388000 0.628000 0.048000 0.125333
7 0.401000 0.681333 0.054000 0.141333
7 0.547000 0.634667 0.042000 0.122667
7 0.705000 0.588000 0.038000 0.098667
7 0.773000 0.545333 0.034000 0.104000
7 0.856000 0.544000 0.052000 0.096000
7 0.938000 0.536000 0.044000 0.085333
6 0.854000 0.778667 0.264000 0.421333
11 0.463000 0.761333 0.898000 0.408000
