6 0.498028 0.915680 0.053254 0.097633
9 0.787968 0.911243 0.187377 0.171598
6 0.878698 0.860947 0.061144 0.130178
6 0.926036 0.856509 0.049310 0.109467
11 0.252465 0.909763 0.067061 0.091716
11 0.334320 0.918639 0.065089 0.109467
11 0.138067 0.899408 0.110454 0.118343
10 0.635108 0.847633 0.074951 0.275148
10 0.596647 0.800296 0.041420 0.121302
10 0.763314 0.819527 0.047337 0.112426
10 0.815582 0.809172 0.045365 0.097633
10 0.379684 0.875740 0.088757 0.201183
10 0.339250 0.834320 0.047337 0.106509
10 0.287968 0.838757 0.059172 0.091716
10 0.496055 0.828402 0.065089 0.082840
10 0.166667 0.797337 0.053254 0.109467
10 0.052268 0.869822 0.080868 0.189349
