7 0.446777 0.572581 0.040039 0.115836
7 0.488770 0.565982 0.034180 0.090909
7 0.348145 0.513930 0.028320 0.060117
7 0.709473 0.593842 0.049805 0.146628
11 0.607422 0.517595 0.142578 0.146628
11 0.631836 0.752199 0.460938 0.390029
10 0.350586 0.433284 0.070312 0.112903
10 0.438477 0.468475 0.105469 0.277126
10 0.466797 0.395894 0.044922 0.105572
10 0.548340 0.417155 0.096680 0.200880
10 0.910156 0.543988 0.191406 0.542522
10 0.484863 0.613636 0.958008 0.752199
10 0.369141 0.622434 0.353516 0.637830
