10 0.384375 0.242389 0.034375 0.058548
10 0.362500 0.272834 0.034375 0.100703
10 0.343750 0.277518 0.031250 0.086651
10 0.318750 0.256440 0.028125 0.086651
10 0.303906 0.283372 0.035937 0.103044
10 0.278906 0.293911 0.035937 0.114754
10 0.250781 0.291569 0.032813 0.105386
10 0.181250 0.303279 0.043750 0.114754
10 0.064062 0.309133 0.043750 0.107728
10 0.379688 0.339578 0.087500 0.182670
10 0.503906 0.332553 0.114062 0.173302
10 0.686719 0.318501 0.032813 0.084309
10 0.596094 0.378220 0.104688 0.283372
10 0.764844 0.398126 0.114062 0.318501
10 0.850000 0.297424 0.090625 0.145199
10 0.947656 0.345433 0.092188 0.217799
9 0.900781 0.549180 0.176563 0.377049
9 0.721875 0.508197 0.206250 0.337237
9 0.569531 0.518735 0.210938 0.288056
9 0.460156 0.468384 0.126562 0.238876
9 0.337500 0.462529 0.193750 0.245902
