10 0.296875 0.556471 0.093750 0.458824
10 0.411719 0.472941 0.114062 0.362353
10 0.611719 0.697647 0.173437 0.567059
10 0.503906 0.463529 0.051562 0.075294
10 0.669531 0.461176 0.029687 0.131765
10 0.696094 0.467059 0.045312 0.157647
10 0.721094 0.449412 0.032813 0.089412
10 0.766406 0.467059 0.045312 0.157647
10 0.817187 0.469412 0.062500 0.214118
10 0.859375 0.476471 0.062500 0.185882
10 0.967969 0.476471 0.048438 0.228235
10 0.027344 0.502353 0.039062 0.214118
10 0.063281 0.487059 0.042188 0.178824
10 0.103125 0.495294 0.065625 0.157647
10 0.130469 0.480000 0.035937 0.160000
10 0.159375 0.484706 0.040625 0.136471
10 0.195312 0.454118 0.028125 0.098824
10 0.223438 0.468235 0.034375 0.108235
9 0.200000 0.610588 0.109375 0.270588
9 0.090625 0.754118 0.171875 0.440000
9 0.514844 0.794118 0.479687 0.402353
9 0.782813 0.631765 0.206250 0.270588
9 0.951562 0.745882 0.087500 0.404706
