3 0.511429 0.530043 0.377143 0.587983
4 0.240714 0.468884 0.144286 0.160944
4 0.758571 0.555794 0.122857 0.201717
4 0.752857 0.901288 0.185714 0.163090
4 0.886429 0.390558 0.090000 0.163090
4 0.925714 0.187768 0.042857 0.070815
4 0.906429 0.093348 0.032857 0.040773
4 0.869286 0.074034 0.027143 0.053648
4 0.837857 0.095494 0.030000 0.040773
4 0.891429 0.035408 0.051429 0.053648
4 0.702143 0.095494 0.047143 0.053648
4 0.760000 0.089056 0.031429 0.045064
4 0.635714 0.120172 0.040000 0.038627
4 0.641429 0.178112 0.037143 0.047210
0 0.386429 0.204936 0.024286 0.040773
10 0.136429 0.306867 0.035714 0.090129
10 0.081429 0.296137 0.031429 0.081545
10 0.387857 0.189914 0.027143 0.053648
10 0.455000 0.151288 0.027143 0.053648
10 0.285000 0.546137 0.027143 0.148069
10 0.254286 0.566524 0.022857 0.150215
10 0.316429 0.628755 0.032857 0.171674
10 0.484286 0.592275 0.040000 0.072961
