2 0.382812 0.529909 0.066406 0.240572
2 0.515625 0.533810 0.054688 0.232770
7 0.286133 0.576723 0.035156 0.110533
7 0.458496 0.601430 0.041992 0.139142
7 0.673340 0.590377 0.045898 0.132640
7 0.610840 0.573472 0.041992 0.111834
10 0.561523 0.646294 0.142578 0.561769
10 0.754883 0.637191 0.341797 0.546164
10 0.833496 0.767880 0.329102 0.412224
10 0.940918 0.414824 0.059570 0.356307
10 0.187012 0.635241 0.368164 0.474642
6 0.257812 0.866060 0.490234 0.249675
11 0.494141 0.769831 0.605469 0.403121
