2 0.116438 0.469863 0.139726 0.476712
2 0.257078 0.504110 0.125114 0.512329
2 0.394521 0.258219 0.104110 0.404110
2 0.521461 0.282877 0.102283 0.434247
2 0.776712 0.329452 0.099543 0.508219
2 0.777169 0.741096 0.142466 0.484932
7 0.642466 0.270548 0.099543 0.143836
7 0.656621 0.502055 0.118721 0.354795
7 0.935616 0.641781 0.108676 0.412329
7 0.489041 0.742466 0.161644 0.479452
7 0.130594 0.810959 0.197260 0.339726
7 0.308219 0.504110 0.095890 0.356164
7 0.296804 0.270548 0.100457 0.141096
2 0.042009 0.303425 0.078539 0.601370
2 0.115525 0.302740 0.117808 0.580822
