10 0.170313 0.168750 0.059375 0.116667
10 0.231250 0.218750 0.056250 0.200000
10 0.233594 0.345833 0.214062 0.304167
10 0.367969 0.260417 0.135937 0.166667
10 0.520312 0.262500 0.100000 0.154167
10 0.626563 0.344792 0.137500 0.272917
10 0.510938 0.663542 0.465625 0.647917
10 0.947656 0.321875 0.095312 0.272917
2 0.360938 0.318750 0.025000 0.091667
2 0.448437 0.303125 0.025000 0.085417
11 0.432812 0.405208 0.303125 0.202083
11 0.697656 0.337500 0.179688 0.183333
6 0.318750 0.584375 0.225000 0.285417
6 0.853125 0.448958 0.118750 0.264583
6 0.921094 0.537500 0.151562 0.316667
2 0.088281 0.781250 0.132812 0.420833
2 0.253125 0.800000 0.112500 0.383333
