6 0.491406 0.877336 0.173437 0.231308
6 0.319531 0.793224 0.123438 0.240654
6 0.228125 0.707944 0.090625 0.172897
6 0.867188 0.814252 0.146875 0.254673
6 0.653125 0.721963 0.090625 0.196262
6 0.515625 0.674065 0.071875 0.151869
6 0.425781 0.637850 0.067187 0.130841
6 0.369531 0.613318 0.051562 0.114486
6 0.324219 0.594626 0.048438 0.100467
6 0.600781 0.613318 0.045312 0.100467
11 0.164062 0.640187 0.081250 0.112150
11 0.206250 0.672897 0.103125 0.135514
11 0.240625 0.731308 0.137500 0.191589
11 0.352344 0.807243 0.214062 0.264019
11 0.549219 0.883178 0.289062 0.196262
11 0.316406 0.600467 0.057813 0.074766
11 0.371875 0.612150 0.065625 0.088785
11 0.439063 0.637850 0.084375 0.116822
11 0.539844 0.674065 0.117188 0.142523
11 0.685937 0.733645 0.150000 0.200935
11 0.917188 0.834112 0.159375 0.285047
