2 0.040000 0.649733 0.060000 0.251337
2 0.092000 0.651070 0.048000 0.254011
2 0.136000 0.649733 0.048000 0.245989
2 0.183000 0.649733 0.050000 0.251337
2 0.231000 0.648396 0.050000 0.248663
2 0.281000 0.649733 0.054000 0.245989
2 0.329000 0.649733 0.050000 0.245989
2 0.375000 0.648396 0.050000 0.248663
2 0.423000 0.645722 0.050000 0.243316
2 0.471000 0.645722 0.050000 0.243316
2 0.520000 0.644385 0.052000 0.240642
2 0.567000 0.643048 0.042000 0.237968
2 0.612000 0.647059 0.048000 0.235294
2 0.659000 0.641711 0.050000 0.251337
2 0.706000 0.641711 0.052000 0.245989
2 0.752000 0.640374 0.044000 0.237968
2 0.796000 0.639037 0.048000 0.240642
2 0.845000 0.640374 0.046000 0.243316
2 0.889000 0.641711 0.046000 0.240642
2 0.930000 0.640374 0.044000 0.232620
2 0.285000 0.465241 0.134000 0.133690
2 0.377000 0.430481 0.050000 0.187166
2 0.425000 0.426471 0.046000 0.184492
2 0.471000 0.427807 0.042000 0.187166
2 0.516000 0.425134 0.048000 0.187166
2 0.564000 0.427807 0.044000 0.192513
2 0.611000 0.410428 0.046000 0.227273
2 0.707000 0.467914 0.150000 0.117647
2 0.482000 0.933155 0.580000 0.122995
