0 0.583008 0.550512 0.113281 0.137628
9 0.339355 0.568814 0.110352 0.112738
6 0.918457 0.513909 0.038086 0.076135
10 0.062012 0.483163 0.077148 0.125915
10 0.142578 0.471449 0.031250 0.099561
10 0.209473 0.492679 0.041992 0.133236
10 0.237305 0.469985 0.039062 0.087848
10 0.305176 0.471449 0.059570 0.102489
10 0.392090 0.478038 0.026367 0.109810
10 0.425293 0.472182 0.026367 0.092240
10 0.442383 0.482430 0.031250 0.136164
10 0.473145 0.471449 0.026367 0.093704
10 0.500000 0.475110 0.033203 0.115666
10 0.537109 0.471449 0.029297 0.076135
10 0.593750 0.519766 0.070312 0.172767
10 0.633789 0.485359 0.025391 0.106881
10 0.678711 0.488287 0.031250 0.106881
10 0.794922 0.472914 0.023438 0.099561
10 0.840332 0.491947 0.032227 0.111274
10 0.889160 0.483895 0.038086 0.121523
10 0.927246 0.482430 0.026367 0.121523
10 0.957031 0.472182 0.035156 0.098097
10 0.980469 0.502196 0.029297 0.181552
