3 0.578218 0.639053 0.166337 0.390533
3 0.530693 0.338757 0.051485 0.103550
9 0.824752 0.821006 0.053465 0.103550
9 0.903960 0.843195 0.065347 0.124260
9 0.874257 0.710059 0.037624 0.082840
9 0.923762 0.726331 0.033663 0.079882
9 0.974257 0.779586 0.039604 0.085799
9 0.902970 0.639053 0.035644 0.071006
9 0.935644 0.642012 0.033663 0.059172
9 0.968317 0.661243 0.031683 0.038462
10 0.822772 0.794379 0.041584 0.121302
10 0.901980 0.821006 0.037624 0.139053
10 0.975248 0.726331 0.045545 0.085799
10 0.960396 0.633136 0.035644 0.071006
10 0.925743 0.687870 0.033663 0.079882
10 0.872277 0.674556 0.025743 0.076923
10 0.924752 0.607988 0.027723 0.068047
10 0.898020 0.609467 0.025743 0.076923
10 0.754455 0.397929 0.031683 0.050296
4 0.706931 0.711538 0.114851 0.156805
4 0.783168 0.681953 0.120792 0.156805
4 0.855446 0.643491 0.114851 0.127219
4 0.776238 0.550296 0.091089 0.100592
4 0.656436 0.597633 0.069307 0.106509
4 0.706931 0.568047 0.079208 0.112426
4 0.622772 0.516272 0.049505 0.068047
4 0.661386 0.500000 0.067327 0.088757
4 0.711881 0.486686 0.073267 0.073964
4 0.659406 0.439349 0.039604 0.056213
4 0.621782 0.454142 0.063366 0.073964
4 0.726733 0.430473 0.071287 0.062130
4 0.800000 0.446746 0.079208 0.053254
4 0.849505 0.483728 0.099010 0.068047
4 0.854455 0.446746 0.081188 0.047337
4 0.923762 0.486686 0.104950 0.068047
4 0.538614 0.411243 0.194059 0.112426
4 0.490099 0.334320 0.057426 0.124260
4 0.340594 0.531065 0.150495 0.103550
4 0.088119 0.457101 0.120792 0.085799
4 0.230693 0.454142 0.045545 0.091716
4 0.323762 0.371302 0.057426 0.056213
