9 0.253529 0.677134 0.170588 0.281804
9 0.191765 0.733494 0.348235 0.478261
9 0.391765 0.703704 0.197647 0.363929
9 0.537059 0.724638 0.238824 0.444444
9 0.726471 0.702899 0.267059 0.561997
9 0.908235 0.682770 0.160000 0.483092
9 0.497647 0.414654 0.072941 0.172303
10 0.351176 0.393720 0.114118 0.227053
10 0.504706 0.392110 0.056471 0.165862
10 0.538235 0.321256 0.052941 0.095008
10 0.459412 0.335749 0.036471 0.072464
10 0.490000 0.306763 0.043529 0.053140
10 0.909412 0.216586 0.023529 0.101449
10 0.931765 0.220612 0.028235 0.086957
10 0.950588 0.212560 0.030588 0.093398
10 0.970000 0.205314 0.027059 0.101449
10 0.989412 0.202093 0.018824 0.111111
10 0.744118 0.230274 0.017647 0.035427
10 0.794706 0.214171 0.020000 0.038647
10 0.827647 0.227053 0.029412 0.051530
