0 0.333594 0.614754 0.170313 0.231850
0 0.702344 0.591335 0.110937 0.170960
0 0.819531 0.693208 0.085938 0.332553
10 0.537500 0.530445 0.037500 0.124122
10 0.499219 0.515222 0.032813 0.121780
10 0.470313 0.519906 0.034375 0.126464
10 0.576562 0.508197 0.034375 0.135831
0 0.624219 0.539813 0.051562 0.086651
10 0.643750 0.501171 0.037500 0.131148
10 0.691406 0.483607 0.039062 0.105386
10 0.772656 0.514052 0.051562 0.194379
6 0.421094 0.551522 0.029687 0.063232
6 0.452344 0.556206 0.026562 0.072600
