4 0.479004 0.812960 0.090820 0.094256
4 0.375977 0.804124 0.089844 0.088365
4 0.295410 0.844624 0.133789 0.116348
4 0.698242 0.844624 0.197266 0.113402
4 0.830566 0.906480 0.333008 0.175258
10 0.096191 0.880707 0.055664 0.206186
10 0.204102 0.837997 0.068359 0.170839
10 0.399414 0.896171 0.097656 0.195876
10 0.305664 0.905744 0.117188 0.156112
10 0.051270 0.770987 0.034180 0.083947
10 0.830566 0.913108 0.155273 0.217968
10 0.137695 0.794551 0.029297 0.069219
10 0.146973 0.897644 0.059570 0.195876
10 0.178223 0.930044 0.094727 0.125184
10 0.243164 0.940353 0.062500 0.110457
10 0.027832 0.877025 0.043945 0.216495
10 0.080566 0.833579 0.041992 0.173785
10 0.175293 0.785714 0.038086 0.072165
3 0.093262 0.736377 0.180664 0.123711
10 0.650391 0.799705 0.035156 0.061856
