3 0.671176 0.612519 0.180000 0.259314
10 0.390000 0.766766 0.024706 0.081967
10 0.422353 0.741431 0.023529 0.073025
10 0.416471 0.798808 0.028235 0.086438
10 0.440588 0.751118 0.020000 0.086438
10 0.453529 0.804024 0.024706 0.076006
10 0.505882 0.704173 0.021176 0.076006
10 0.522353 0.713860 0.016471 0.086438
10 0.569412 0.783905 0.030588 0.080477
0 0.755294 0.551416 0.040000 0.044709
10 0.752353 0.520119 0.043529 0.047690
10 0.830588 0.511923 0.018824 0.049180
10 0.821176 0.420268 0.021176 0.044709
10 0.896471 0.350224 0.021176 0.038748
10 0.798235 0.445604 0.020000 0.038748
10 0.588824 0.590164 0.022353 0.059613
4 0.959412 0.342772 0.036471 0.053651
4 0.927647 0.374814 0.034118 0.046200
4 0.902941 0.394188 0.055294 0.058122
4 0.868824 0.431446 0.050588 0.058122
4 0.933529 0.453055 0.048235 0.050671
4 0.877647 0.629657 0.068235 0.093890
4 0.803529 0.757079 0.080000 0.098361
4 0.728824 0.862891 0.109412 0.104322
4 0.435294 0.877794 0.120000 0.065574
