10 0.629000 0.650667 0.110000 0.474667
10 0.459000 0.666667 0.150000 0.501333
10 0.331000 0.678667 0.134000 0.493333
10 0.147000 0.650667 0.162000 0.480000
10 0.846000 0.646667 0.128000 0.312000
10 0.081000 0.796000 0.146000 0.360000
2 0.216000 0.849333 0.040000 0.109333
2 0.162000 0.862667 0.032000 0.082667
7 0.275000 0.961333 0.050000 0.066667
7 0.324000 0.941333 0.040000 0.101333
7 0.088000 0.958667 0.044000 0.066667
6 0.539000 0.766667 0.106000 0.264000
6 0.739000 0.740000 0.098000 0.205333
