9 0.514844 0.338153 0.038021 0.146455
9 0.632292 0.298507 0.123958 0.141791
9 0.608854 0.365205 0.109375 0.118470
9 0.578125 0.483209 0.164583 0.141791
9 0.542448 0.582556 0.170313 0.176306
9 0.523438 0.702892 0.196875 0.174440
10 0.528906 0.305037 0.050521 0.152985
4 0.806771 0.282183 0.084375 0.172575
4 0.811719 0.455690 0.121354 0.254664
4 0.782031 0.819030 0.197396 0.326493
4 0.936198 0.623134 0.106771 0.197761
4 0.939063 0.467817 0.106250 0.129664
11 0.199740 0.659981 0.138021 0.204291
11 0.373437 0.446828 0.111458 0.251866
11 0.467708 0.286381 0.070833 0.152985
