0 0.533742 0.627301 0.122699 0.315951
0 0.281186 0.768405 0.194274 0.463190
0 0.711656 0.789877 0.204499 0.420245
0 0.208589 0.593558 0.126789 0.260736
0 0.397751 0.550613 0.067485 0.187117
4 0.103272 0.524540 0.194274 0.282209
4 0.848671 0.592025 0.298569 0.435583
4 0.603272 0.486196 0.069530 0.150307
10 0.373211 0.404908 0.038855 0.085890
10 0.402863 0.504601 0.053170 0.211656
10 0.206544 0.437117 0.122699 0.236196
10 0.301636 0.553681 0.177914 0.518405
10 0.524540 0.504601 0.116564 0.377301
10 0.705521 0.559816 0.175869 0.530675
