2 0.198000 0.652239 0.028000 0.104478
2 0.226000 0.704478 0.032000 0.131343
2 0.559000 0.622388 0.034000 0.110448
2 0.870000 0.573134 0.044000 0.161194
2 0.236000 0.632836 0.044000 0.095522
4 0.932000 0.508955 0.132000 0.176119
4 0.754000 0.500000 0.140000 0.116418
10 0.352000 0.531343 0.040000 0.161194
10 0.314000 0.538806 0.060000 0.331343
10 0.403000 0.619403 0.126000 0.426866
10 0.617000 0.440299 0.094000 0.188060
10 0.660000 0.535821 0.148000 0.229851
10 0.520000 0.620896 0.124000 0.441791
