0 0.378698 0.653333 0.192308 0.368889
0 0.139793 0.643333 0.214497 0.331111
4 0.241124 0.437778 0.085799 0.071111
4 0.470414 0.417778 0.071006 0.066667
4 0.569527 0.413333 0.073964 0.080000
4 0.627219 0.402222 0.062130 0.106667
4 0.683432 0.395556 0.103550 0.115556
4 0.764793 0.474444 0.215976 0.264444
9 0.296598 0.537778 0.072485 0.160000
10 0.295858 0.471111 0.071006 0.200000
10 0.104290 0.576667 0.084320 0.397778
10 0.153107 0.445556 0.028107 0.042222
10 0.379438 0.491111 0.113905 0.453333
10 0.888314 0.588889 0.220414 0.804444
