4 0.765625 0.883333 0.443750 0.222222
0 0.273438 0.911111 0.175000 0.155556
10 0.228906 0.786111 0.032813 0.105556
10 0.269531 0.795833 0.029687 0.119444
10 0.296875 0.804167 0.031250 0.102778
10 0.339844 0.815278 0.026562 0.175000
10 0.369531 0.755556 0.026562 0.072222
10 0.310156 0.719444 0.029687 0.061111
10 0.379688 0.840278 0.053125 0.191667
10 0.425781 0.812500 0.035937 0.186111
10 0.458594 0.826389 0.029687 0.175000
10 0.489844 0.819444 0.026562 0.144444
10 0.517969 0.786111 0.042188 0.138889
10 0.564063 0.795833 0.028125 0.130556
10 0.630469 0.791667 0.045312 0.166667
9 0.116406 0.881944 0.132812 0.180556
9 0.606250 0.858333 0.056250 0.138889
10 0.885938 0.752778 0.037500 0.066667
10 0.845313 0.752778 0.040625 0.072222
