3 0.448437 0.518692 0.190625 0.121495
3 0.859375 0.519860 0.268750 0.156542
4 0.637500 0.560748 0.150000 0.112150
4 0.903906 0.580607 0.179688 0.100467
4 0.244531 0.525701 0.051562 0.056075
10 0.121875 0.570093 0.040625 0.112150
10 0.060156 0.565421 0.076563 0.121495
10 0.178125 0.644860 0.071875 0.242991
10 0.264062 0.586449 0.046875 0.140187
10 0.316406 0.600467 0.032813 0.130841
10 0.351562 0.591121 0.031250 0.116822
10 0.421094 0.610981 0.045312 0.156542
10 0.485156 0.647196 0.067187 0.200935
10 0.564844 0.623832 0.054688 0.182243
10 0.627344 0.640187 0.045312 0.233645
10 0.669531 0.646028 0.048438 0.198598
10 0.768750 0.721963 0.109375 0.313084
10 0.537500 0.714953 0.090625 0.219626
10 0.044531 0.649533 0.070312 0.257009
