2 0.415534 0.677711 0.038835 0.180723
2 0.455340 0.658133 0.036893 0.183735
2 0.513592 0.673193 0.040777 0.177711
2 0.593204 0.652108 0.048544 0.165663
7 0.349515 0.700301 0.031068 0.063253
7 0.386408 0.694277 0.027184 0.087349
7 0.632039 0.685241 0.029126 0.075301
7 0.654369 0.710843 0.031068 0.066265
11 0.504854 0.766566 0.423301 0.219880
10 0.606796 0.579819 0.180583 0.268072
10 0.442718 0.564759 0.155340 0.292169
10 0.299029 0.674699 0.139806 0.367470
10 0.174757 0.614458 0.178641 0.578313
10 0.047573 0.531627 0.091262 0.665663
10 0.835922 0.694277 0.172816 0.376506
