10 0.166667 0.751479 0.065089 0.142012
10 0.170611 0.678994 0.045365 0.091716
10 0.229783 0.692308 0.049310 0.147929
10 0.239645 0.807692 0.053254 0.136095
10 0.346154 0.646450 0.041420 0.091716
10 0.316568 0.723373 0.057199 0.156805
10 0.353057 0.742604 0.078895 0.153846
10 0.711045 0.622781 0.076923 0.109467
10 0.793886 0.605030 0.037475 0.079882
10 0.860947 0.605030 0.045365 0.079882
11 0.773176 0.673077 0.126233 0.091716
9 0.787968 0.856509 0.270217 0.239645
9 0.420118 0.837278 0.197239 0.236686
9 0.580868 0.815089 0.199211 0.257396
9 0.937870 0.791420 0.124260 0.263314
9 0.303748 0.847633 0.106509 0.139053
6 0.182446 0.869822 0.088757 0.183432
