4 0.100781 0.695550 0.195312 0.421546
6 0.792188 0.693208 0.075000 0.168618
6 0.657813 0.662763 0.065625 0.159251
6 0.557031 0.640515 0.060937 0.128806
6 0.397656 0.622951 0.051562 0.098361
11 0.466406 0.658080 0.060937 0.159251
11 0.724219 0.680328 0.060937 0.170960
10 0.114062 0.489461 0.056250 0.079625
10 0.183594 0.577283 0.045312 0.138173
10 0.229687 0.563232 0.037500 0.142857
10 0.259375 0.606557 0.093750 0.313817
10 0.431250 0.571429 0.071875 0.126464
10 0.505469 0.573770 0.067187 0.121780
10 0.674219 0.638173 0.079687 0.255269
10 0.702344 0.557377 0.035937 0.074941
10 0.759375 0.564403 0.056250 0.088993
10 0.773438 0.649883 0.112500 0.241218
9 0.542188 0.791569 0.162500 0.412178
9 0.360156 0.786885 0.157812 0.412178
9 0.926562 0.755269 0.143750 0.470726
