4 0.452637 0.299414 0.135742 0.121523
4 0.261719 0.283309 0.103516 0.095168
4 0.068848 0.336018 0.125977 0.212299
4 0.795410 0.322108 0.219727 0.216691
4 0.547852 0.303807 0.082031 0.083455
9 0.376953 0.532943 0.369141 0.412884
9 0.631348 0.663250 0.500977 0.632504
10 0.143555 0.415081 0.064453 0.232796
10 0.352051 0.311127 0.063477 0.194729
10 0.400391 0.466325 0.126953 0.402635
10 0.607422 0.321376 0.033203 0.133236
10 0.569824 0.315520 0.026367 0.127379
10 0.687988 0.549780 0.223633 0.590044
10 0.869629 0.513909 0.141602 0.509517
10 0.952637 0.480234 0.084961 0.547584
10 0.262695 0.266471 0.042969 0.090776
9 0.262207 0.297950 0.049805 0.051245
