0 0.572656 0.536611 0.195312 0.190377
0 0.403906 0.478033 0.257812 0.177824
0 0.194531 0.469665 0.117188 0.127615
0 0.071094 0.530335 0.120313 0.232218
0 0.935156 0.500000 0.123438 0.230126
0 0.787500 0.486402 0.100000 0.144351
4 0.508594 0.373431 0.114062 0.064854
10 0.344531 0.423640 0.114062 0.240586
10 0.440625 0.424686 0.050000 0.200837
10 0.234375 0.366109 0.037500 0.117155
10 0.192969 0.416318 0.070312 0.205021
10 0.103906 0.434100 0.051562 0.232218
10 0.039062 0.399582 0.050000 0.188285
10 0.712500 0.355649 0.081250 0.083682
10 0.615625 0.469665 0.084375 0.303347
10 0.763281 0.385983 0.098437 0.144351
10 0.930469 0.378661 0.045312 0.108787
