1 0.176563 0.557377 0.187500 0.135831
1 0.312500 0.645199 0.240625 0.213115
1 0.650000 0.822014 0.481250 0.332553
1 0.547656 0.583138 0.257812 0.093677
1 0.577344 0.469555 0.148438 0.067916
1 0.690625 0.543326 0.159375 0.112412
1 0.815625 0.459016 0.337500 0.126464
1 0.835156 0.675644 0.285938 0.222482
1 0.893750 0.569087 0.203125 0.135831
1 0.421875 0.395785 0.065625 0.056206
1 0.361719 0.399297 0.051562 0.039813
1 0.284375 0.396956 0.071875 0.058548
1 0.208594 0.405152 0.073438 0.065574
1 0.157812 0.433255 0.062500 0.042155
1 0.054688 0.413349 0.096875 0.063232
