11 0.520312 0.734375 0.312500 0.493750
7 0.074219 0.465625 0.032813 0.052083
7 0.189062 0.465625 0.037500 0.043750
7 0.425781 0.466667 0.042188 0.087500
7 0.392969 0.454167 0.045312 0.116667
7 0.542969 0.460417 0.060937 0.133333
7 0.628125 0.466667 0.050000 0.112500
7 0.670312 0.465625 0.059375 0.122917
7 0.881250 0.487500 0.028125 0.066667
7 0.907031 0.485417 0.032813 0.079167
2 0.894531 0.316667 0.032813 0.141667
2 0.957031 0.408333 0.067187 0.112500
2 0.850000 0.412500 0.059375 0.104167
6 0.108594 0.666667 0.167187 0.379167
6 0.227344 0.711458 0.114062 0.522917
6 0.371875 0.721875 0.290625 0.581250
6 0.697656 0.726042 0.242188 0.539583
6 0.944531 0.666667 0.107813 0.375000
