2 0.398000 0.720000 0.084000 0.378667
2 0.627000 0.572000 0.050000 0.216000
7 0.557000 0.576000 0.070000 0.096000
7 0.562000 0.674667 0.076000 0.122667
7 0.455000 0.653333 0.082000 0.213333
7 0.332000 0.726667 0.088000 0.232000
7 0.341000 0.870667 0.150000 0.226667
7 0.529000 0.861333 0.150000 0.272000
7 0.658000 0.700000 0.052000 0.093333
7 0.180000 0.850667 0.108000 0.282667
7 0.081000 0.889333 0.146000 0.200000
11 0.424000 0.798667 0.772000 0.376000
10 0.554000 0.437333 0.088000 0.229333
10 0.476000 0.460000 0.164000 0.333333
10 0.814000 0.460000 0.360000 0.450667
10 0.381000 0.496000 0.254000 0.442667
10 0.154000 0.541333 0.300000 0.560000
