3 0.532000 0.515015 0.808000 0.639640
6 0.033000 0.743243 0.054000 0.153153
6 0.102000 0.752252 0.076000 0.153153
6 0.184000 0.746246 0.072000 0.141141
6 0.252000 0.749249 0.064000 0.141141
6 0.320000 0.752252 0.072000 0.153153
6 0.405000 0.762763 0.094000 0.162162
6 0.490000 0.768769 0.076000 0.150150
11 0.574000 0.813814 0.120000 0.168168
11 0.296000 0.767267 0.112000 0.117117
10 0.351000 0.324324 0.054000 0.054054
10 0.271000 0.333333 0.058000 0.054054
10 0.445000 0.304805 0.046000 0.075075
10 0.525000 0.304805 0.090000 0.075075
10 0.619000 0.306306 0.062000 0.060060
10 0.722000 0.289790 0.056000 0.081081
10 0.660000 0.726727 0.072000 0.318318
10 0.744000 0.735736 0.080000 0.324324
