0 0.152344 0.764637 0.176563 0.142857
10 0.020313 0.640515 0.028125 0.096019
10 0.057813 0.628806 0.037500 0.091335
10 0.114844 0.607728 0.060937 0.049180
10 0.194531 0.615925 0.057813 0.070258
10 0.255469 0.635831 0.048438 0.110070
10 0.301563 0.667447 0.034375 0.121780
10 0.143750 0.713115 0.068750 0.227166
10 0.333594 0.632319 0.039062 0.107728
10 0.402344 0.661593 0.064062 0.170960
10 0.353125 0.725995 0.053125 0.210773
10 0.460938 0.694379 0.037500 0.175644
10 0.530469 0.709602 0.070312 0.257611
10 0.630469 0.706089 0.051562 0.255269
10 0.746094 0.638173 0.054688 0.119438
10 0.810156 0.715457 0.067187 0.231850
4 0.161719 0.733021 0.310937 0.201405
4 0.640625 0.724824 0.350000 0.194379
