1 0.401961 0.568452 0.266667 0.309524
1 0.790196 0.583333 0.384314 0.232143
6 0.491176 0.821429 0.088235 0.184524
6 0.578431 0.837798 0.101961 0.187500
6 0.635294 0.773810 0.058824 0.130952
6 0.733333 0.815476 0.090196 0.214286
6 0.816667 0.802083 0.084314 0.187500
6 0.869608 0.782738 0.056863 0.172619
6 0.939216 0.767857 0.074510 0.172619
10 0.583333 0.687500 0.052941 0.148810
10 0.808824 0.748512 0.068627 0.223214
10 0.576471 0.776786 0.082353 0.172619
10 0.504902 0.791667 0.084314 0.190476
1 0.069608 0.717262 0.131373 0.142857
