10 0.161133 0.859868 0.048828 0.072368
10 0.193848 0.919737 0.041992 0.094737
10 0.231445 0.923684 0.044922 0.100000
10 0.846191 0.924342 0.086914 0.148684
10 0.389160 0.849342 0.071289 0.075000
10 0.395020 0.933553 0.096680 0.075000
10 0.451660 0.925000 0.045898 0.094737
10 0.503906 0.923684 0.041016 0.102632
10 0.548828 0.919737 0.041016 0.107895
10 0.540039 0.851974 0.027344 0.085526
10 0.576660 0.859868 0.038086 0.111842
10 0.666016 0.917763 0.046875 0.119737
10 0.636719 0.780263 0.056641 0.063158
10 0.519043 0.783553 0.026367 0.077632
