2 0.281250 0.494792 0.043750 0.160417
2 0.335938 0.517708 0.056250 0.181250
2 0.434375 0.494792 0.037500 0.147917
2 0.578906 0.582292 0.057813 0.243750
2 0.678125 0.617708 0.071875 0.322917
7 0.729688 0.636458 0.037500 0.177083
7 0.717969 0.751042 0.054688 0.135417
7 0.466406 0.617708 0.032813 0.081250
7 0.025000 0.368750 0.043750 0.100000
7 0.074219 0.410417 0.023438 0.050000
7 0.095312 0.553125 0.059375 0.181250
7 0.639844 0.310417 0.032813 0.054167
7 0.857812 0.401042 0.021875 0.039583
7 0.937500 0.447917 0.043750 0.108333
7 0.551562 0.363542 0.031250 0.039583
6 0.850781 0.564583 0.179688 0.237500
11 0.592187 0.764583 0.756250 0.462500
10 0.270313 0.800000 0.521875 0.387500
10 0.148438 0.494792 0.153125 0.406250
10 0.243750 0.420833 0.137500 0.275000
10 0.372656 0.394792 0.117188 0.197917
10 0.480469 0.412500 0.114062 0.270833
10 0.555469 0.433333 0.114062 0.275000
10 0.696875 0.438542 0.175000 0.377083
10 0.848437 0.482292 0.187500 0.402083
