2 0.300000 0.600703 0.037500 0.175644
7 0.351562 0.648712 0.028125 0.107728
7 0.638281 0.604215 0.026562 0.046838
6 0.200000 0.782201 0.350000 0.398126
6 0.044531 0.873536 0.076563 0.220141
6 0.617969 0.793911 0.323437 0.388759
6 0.856250 0.781030 0.237500 0.400468
11 0.500781 0.796253 0.439063 0.379391
10 0.257812 0.696721 0.262500 0.564403
10 0.356250 0.545667 0.125000 0.177986
10 0.481250 0.685012 0.134375 0.498829
10 0.625781 0.551522 0.142187 0.180328
10 0.792969 0.675644 0.210938 0.583138
