3 0.210156 0.608168 0.348438 0.452539
3 0.437500 0.312362 0.131250 0.165563
10 0.605469 0.905077 0.057813 0.105960
10 0.810937 0.593819 0.028125 0.079470
10 0.876563 0.291391 0.028125 0.048565
9 0.875000 0.324503 0.028125 0.048565
9 0.600781 0.955850 0.076563 0.079470
4 0.365625 0.391832 0.081250 0.090508
4 0.057813 0.868653 0.103125 0.231788
4 0.232031 0.869757 0.201563 0.207506
4 0.367969 0.728477 0.160938 0.233996
4 0.423438 0.601545 0.125000 0.139073
4 0.425781 0.467991 0.085938 0.110375
4 0.460938 0.409492 0.087500 0.108168
4 0.496094 0.537528 0.120313 0.165563
4 0.517969 0.357616 0.076563 0.101545
4 0.525781 0.288079 0.064062 0.068433
4 0.567969 0.324503 0.064062 0.101545
4 0.599219 0.281457 0.057813 0.086093
3 0.546094 0.221854 0.082812 0.112583
4 0.660156 0.222958 0.082812 0.101545
4 0.562500 0.421634 0.093750 0.079470
4 0.602344 0.378587 0.092188 0.112583
4 0.644531 0.317881 0.070312 0.119205
4 0.509375 0.816777 0.162500 0.207506
4 0.592187 0.703091 0.146875 0.187638
4 0.595313 0.608168 0.121875 0.143488
4 0.629687 0.516556 0.131250 0.154525
4 0.698438 0.388521 0.093750 0.154525
4 0.742188 0.298013 0.059375 0.128035
4 0.741406 0.804636 0.148438 0.214128
4 0.757031 0.675497 0.114062 0.132450
4 0.764062 0.569536 0.087500 0.092715
4 0.807031 0.427152 0.082812 0.090508
4 0.800000 0.370861 0.078125 0.110375
4 0.820312 0.300221 0.071875 0.119205
4 0.788281 0.198675 0.167187 0.088300
