10 0.284375 0.648958 0.065625 0.139583
10 0.297656 0.576042 0.057813 0.056250
10 0.337500 0.609375 0.046875 0.068750
10 0.357812 0.639583 0.056250 0.095833
10 0.372656 0.590625 0.032813 0.064583
10 0.459375 0.576042 0.040625 0.060417
10 0.623437 0.559375 0.037500 0.043750
10 0.649219 0.542708 0.026562 0.072917
10 0.682813 0.562500 0.040625 0.058333
11 0.627344 0.697917 0.085938 0.100000
11 0.494531 0.692708 0.085938 0.097917
11 0.565625 0.618750 0.068750 0.029167
6 0.576562 0.730208 0.100000 0.160417
6 0.459375 0.716667 0.106250 0.133333
6 0.712500 0.683333 0.071875 0.125000
9 0.310156 0.813542 0.273438 0.347917
10 0.753125 0.618750 0.050000 0.070833
10 0.789844 0.589583 0.026562 0.066667
10 0.832031 0.592708 0.048438 0.052083
4 0.966406 0.565625 0.051562 0.064583
