10 0.461589 0.657715 0.144531 0.069336
10 0.783203 0.682129 0.061198 0.120117
10 0.837891 0.658203 0.082031 0.080078
10 0.501302 0.739746 0.093750 0.124023
10 0.394531 0.759766 0.093750 0.078125
10 0.273438 0.665527 0.041667 0.051758
10 0.184245 0.700195 0.061198 0.128906
10 0.138672 0.729980 0.087240 0.206055
10 0.086589 0.769531 0.089844 0.164062
10 0.236979 0.777344 0.101562 0.253906
10 0.305990 0.818359 0.143229 0.306641
10 0.854818 0.836914 0.157552 0.316406
10 0.707682 0.831055 0.217448 0.304688
6 0.469401 0.752930 0.238281 0.058594
