10 0.266406 0.182369 0.026562 0.101679
10 0.316927 0.173974 0.022396 0.097948
10 0.344531 0.174907 0.027604 0.097948
10 0.356250 0.160914 0.022917 0.118470
10 0.295573 0.145989 0.036979 0.069963
10 0.386198 0.182369 0.023438 0.090485
10 0.558073 0.287780 0.027604 0.131530
10 0.552865 0.204757 0.024479 0.075560
10 0.601823 0.555504 0.070312 0.226679
10 0.325521 0.360075 0.028125 0.160448
10 0.351302 0.378265 0.038021 0.161381
10 0.378646 0.365672 0.039583 0.179104
10 0.347656 0.548041 0.050521 0.265858
9 0.368750 0.579757 0.148958 0.194963
9 0.611719 0.576493 0.131771 0.190299
