4 0.074879 0.326087 0.125604 0.111111
4 0.201691 0.303140 0.132850 0.132850
4 0.349034 0.314010 0.118357 0.111111
4 0.515700 0.346618 0.147343 0.142512
4 0.694444 0.320048 0.142512 0.128019
4 0.817633 0.423913 0.326087 0.166667
4 0.842995 0.524155 0.299517 0.246377
4 0.851449 0.621981 0.287440 0.287440
4 0.827295 0.803140 0.311594 0.355072
4 0.189614 0.751208 0.330918 0.444444
4 0.096618 0.466184 0.173913 0.154589
4 0.363527 0.564010 0.359903 0.326087
9 0.326087 0.647343 0.212560 0.338164
9 0.620773 0.541063 0.120773 0.193237
10 0.341787 0.602657 0.205314 0.408213
10 0.621981 0.479469 0.128019 0.321256
