3 0.512821 0.511834 0.635108 0.443787
10 0.506903 0.497041 0.086785 0.201183
10 0.411243 0.434911 0.088757 0.106509
10 0.311637 0.436391 0.039448 0.091716
10 0.273176 0.433432 0.045365 0.085799
10 0.237673 0.424556 0.041420 0.097633
10 0.460552 0.723373 0.080868 0.458580
10 0.543393 0.618343 0.053254 0.313609
10 0.688363 0.597633 0.063116 0.236686
10 0.644970 0.751479 0.110454 0.461538
10 0.744576 0.650888 0.072978 0.331361
10 0.907298 0.720414 0.106509 0.340237
10 0.902367 0.818047 0.171598 0.334320
10 0.855030 0.644970 0.159763 0.289941
10 0.372781 0.542899 0.043393 0.085799
10 0.287968 0.541420 0.063116 0.124260
10 0.228797 0.594675 0.051282 0.230769
10 0.143984 0.727811 0.102564 0.502959
10 0.346154 0.718935 0.108481 0.491124
10 0.616371 0.457101 0.100592 0.103550
