2 0.489844 0.210094 0.079687 0.401408
7 0.435156 0.381455 0.085938 0.133803
7 0.547656 0.355634 0.104688 0.115023
7 0.578906 0.278169 0.076563 0.199531
7 0.367188 0.318075 0.084375 0.218310
7 0.685156 0.133803 0.045312 0.089202
2 0.725000 0.084507 0.034375 0.154930
7 0.663281 0.181925 0.057813 0.138498
7 0.763281 0.188967 0.048438 0.147887
7 0.825781 0.186620 0.064062 0.072770
10 0.350000 0.137324 0.146875 0.260563
10 0.532813 0.130282 0.215625 0.246479
10 0.167187 0.274648 0.328125 0.507042
10 0.921094 0.165493 0.148438 0.316901
11 0.484375 0.576291 0.921875 0.809859
