10 0.751302 0.666504 0.070312 0.135742
10 0.679036 0.680664 0.069010 0.148438
10 0.548828 0.663086 0.069010 0.154297
10 0.255859 0.642090 0.092448 0.088867
10 0.124349 0.635742 0.050781 0.060547
10 0.341146 0.646484 0.046875 0.072266
10 0.366536 0.652832 0.040365 0.069336
10 0.401042 0.646484 0.039062 0.070312
10 0.449870 0.666504 0.050781 0.114258
10 0.509115 0.662598 0.080729 0.143555
10 0.623047 0.672852 0.053385 0.091797
10 0.840495 0.670898 0.048177 0.107422
10 0.085938 0.645508 0.044271 0.052734
10 0.161458 0.645996 0.026042 0.043945
4 0.309245 0.760254 0.600260 0.206055
4 0.885417 0.672363 0.192708 0.075195
