4 0.475000 0.666667 0.087500 0.075000
4 0.721094 0.654167 0.073438 0.079167
4 0.796094 0.661458 0.092188 0.114583
10 0.878125 0.679167 0.037500 0.129167
10 0.622656 0.672917 0.060937 0.112500
10 0.652344 0.759375 0.095312 0.289583
10 0.338281 0.698958 0.076563 0.160417
10 0.249219 0.686458 0.057813 0.131250
10 0.043750 0.696875 0.059375 0.172917
9 0.034375 0.752083 0.062500 0.141667
9 0.243750 0.728125 0.087500 0.122917
9 0.346094 0.750000 0.095312 0.154167
9 0.404687 0.682292 0.043750 0.077083
9 0.582812 0.735417 0.075000 0.108333
9 0.643750 0.807292 0.196875 0.189583
4 0.596875 0.651042 0.050000 0.052083
