0 0.658333 0.823750 0.660000 0.347500
8 0.274167 0.643750 0.095000 0.102500
10 0.251667 0.566250 0.096667 0.165000
10 0.399167 0.497500 0.028333 0.065000
10 0.600833 0.495625 0.048333 0.083750
10 0.739167 0.486250 0.041667 0.062500
10 0.955833 0.511875 0.078333 0.121250
10 0.552500 0.485000 0.035000 0.050000
4 0.167500 0.495000 0.081667 0.052500
4 0.075833 0.508750 0.141667 0.065000
4 0.255833 0.493750 0.128333 0.077500
4 0.331667 0.482500 0.050000 0.040000
4 0.437500 0.491875 0.061667 0.043750
