10 0.061947 0.550000 0.106195 0.446667
10 0.148230 0.585000 0.146018 0.470000
10 0.345133 0.640000 0.053097 0.306667
10 0.304204 0.621667 0.059735 0.270000
10 0.424779 0.633333 0.079646 0.313333
10 0.513274 0.576667 0.061947 0.146667
10 0.629425 0.631667 0.059735 0.316667
10 0.672566 0.635000 0.061947 0.310000
10 0.733407 0.621667 0.064159 0.316667
10 0.794248 0.605000 0.079646 0.336667
10 0.863938 0.590000 0.077434 0.366667
10 0.931416 0.558333 0.097345 0.376667
10 0.539823 0.616667 0.163717 0.446667
10 0.258850 0.541667 0.199115 0.616667
