2 0.622222 0.532178 0.038889 0.202970
2 0.690278 0.605198 0.061111 0.264851
2 0.069444 0.356436 0.022222 0.074257
6 0.241667 0.459158 0.108333 0.220297
6 0.062500 0.513614 0.094444 0.210396
6 0.907639 0.445545 0.054167 0.168317
6 0.851389 0.455446 0.083333 0.207921
6 0.753472 0.459158 0.068056 0.210396
6 0.572222 0.425743 0.047222 0.163366
6 0.977083 0.464109 0.029167 0.170792
11 0.144444 0.460396 0.263889 0.212871
11 0.741667 0.404703 0.230556 0.136139
11 0.508333 0.754950 0.947222 0.465347
10 0.187500 0.246287 0.072222 0.175743
10 0.254861 0.266089 0.059722 0.180693
10 0.321528 0.329208 0.059722 0.316832
10 0.367361 0.321782 0.045833 0.311881
6 0.386111 0.393564 0.036111 0.128713
11 0.403472 0.386139 0.043056 0.128713
10 0.474306 0.314356 0.048611 0.292079
10 0.536111 0.318069 0.044444 0.269802
10 0.572917 0.301980 0.034722 0.193069
10 0.611806 0.314356 0.054167 0.262376
10 0.713889 0.272277 0.038889 0.163366
10 0.668056 0.337871 0.080556 0.393564
10 0.755556 0.240099 0.058333 0.212871
10 0.809722 0.344059 0.075000 0.430693
10 0.859722 0.254950 0.047222 0.173267
10 0.889583 0.261139 0.051389 0.190594
10 0.942361 0.351485 0.070833 0.346535
