10 0.621875 0.825000 0.025000 0.066667
10 0.603906 0.848958 0.029687 0.089583
10 0.548438 0.836458 0.028125 0.068750
10 0.569531 0.827083 0.026562 0.083333
10 0.442188 0.855208 0.037500 0.085417
10 0.417187 0.872917 0.056250 0.112500
10 0.277344 0.887500 0.057813 0.120833
10 0.162500 0.880208 0.046875 0.135417
10 0.047656 0.871875 0.054688 0.135417
9 0.066406 0.902083 0.114062 0.087500
9 0.169531 0.903125 0.135937 0.089583
9 0.298438 0.902083 0.140625 0.091667
9 0.435937 0.903125 0.128125 0.081250
10 0.501563 0.873958 0.034375 0.131250
9 0.506250 0.891667 0.112500 0.091667
4 0.299219 0.879167 0.220312 0.108333
4 0.835156 0.828125 0.101562 0.089583
