2 0.488000 0.473333 0.076000 0.344000
7 0.416000 0.581333 0.044000 0.069333
7 0.330000 0.621333 0.064000 0.112000
7 0.195000 0.729333 0.126000 0.232000
7 0.648000 0.590667 0.044000 0.082667
7 0.766000 0.252000 0.052000 0.056000
7 0.615000 0.405333 0.042000 0.074667
7 0.589000 0.550667 0.030000 0.050667
7 0.789000 0.617333 0.086000 0.104000
10 0.417000 0.456000 0.094000 0.218667
10 0.376000 0.513333 0.124000 0.205333
10 0.282000 0.470667 0.248000 0.408000
10 0.575000 0.490667 0.066000 0.117333
10 0.666000 0.461333 0.128000 0.197333
10 0.673000 0.420000 0.178000 0.360000
10 0.837000 0.410667 0.318000 0.592000
11 0.500000 0.745333 0.992000 0.504000
