9 0.304134 0.813609 0.202756 0.319527
9 0.622047 0.841716 0.326772 0.257396
10 0.598425 0.732249 0.188976 0.452663
10 0.284449 0.708580 0.143701 0.411243
10 0.734252 0.582840 0.078740 0.319527
10 0.816929 0.418639 0.074803 0.263314
10 0.874016 0.442308 0.070866 0.192308
10 0.939961 0.412722 0.061024 0.127219
10 0.535433 0.590237 0.074803 0.245562
10 0.460630 0.594675 0.059055 0.266272
10 0.400591 0.591716 0.064961 0.248521
10 0.131890 0.591716 0.059055 0.207101
10 0.191929 0.581361 0.041339 0.186391
10 0.034449 0.581361 0.041339 0.115385
