11 0.246094 0.584309 0.164062 0.086651
11 0.096094 0.693208 0.182812 0.131148
10 0.266406 0.500000 0.070312 0.100703
10 0.325000 0.606557 0.078125 0.290398
10 0.772656 0.585480 0.117188 0.238876
10 0.906250 0.544496 0.053125 0.156909
10 0.950000 0.556206 0.090625 0.203747
6 0.361719 0.628806 0.085938 0.227166
6 0.101562 0.577283 0.100000 0.119438
6 0.241406 0.734192 0.101562 0.306792
6 0.104688 0.816159 0.184375 0.330211
6 0.682813 0.625293 0.087500 0.220141
6 0.618750 0.572600 0.081250 0.189696
7 0.857031 0.631148 0.029687 0.063232
