0 0.172656 0.710829 0.123438 0.214286
9 0.774219 0.631336 0.098437 0.092166
4 0.644531 0.630184 0.126562 0.099078
4 0.955469 0.622120 0.085938 0.129032
10 0.768750 0.612903 0.040625 0.105991
10 0.891406 0.629032 0.026562 0.055300
10 0.174219 0.667051 0.079687 0.255760
10 0.235937 0.686636 0.040625 0.161290
10 0.292969 0.698157 0.035937 0.096774
10 0.327344 0.699309 0.048438 0.117512
10 0.364063 0.702765 0.040625 0.129032
10 0.420312 0.619816 0.040625 0.105991
10 0.445312 0.717742 0.103125 0.172811
10 0.500781 0.705069 0.076563 0.138249
