3 0.233010 0.629129 0.128155 0.207207
3 0.363107 0.536036 0.108738 0.171171
3 0.474757 0.774775 0.196117 0.396396
3 0.681553 0.564565 0.097087 0.180180
3 0.585437 0.537538 0.075728 0.138138
3 0.612621 0.507508 0.064078 0.132132
3 0.435922 0.484985 0.083495 0.147147
3 0.533010 0.405405 0.133981 0.132132
4 0.808738 0.644144 0.114563 0.087087
4 0.649515 0.420420 0.025243 0.042042
4 0.669903 0.469970 0.046602 0.045045
10 0.937864 0.884384 0.108738 0.207207
10 0.944660 0.743243 0.029126 0.099099
10 0.982524 0.722222 0.031068 0.093093
10 0.144660 0.641141 0.064078 0.111111
