10 0.353906 0.648958 0.017188 0.083333
10 0.368750 0.656250 0.020313 0.064583
10 0.449609 0.637500 0.022656 0.068750
10 0.532422 0.640104 0.033594 0.067708
10 0.561328 0.643750 0.019531 0.066667
10 0.590234 0.642188 0.024219 0.051042
10 0.823828 0.615104 0.030469 0.063542
10 0.906250 0.623958 0.034375 0.052083
10 0.846094 0.628646 0.018750 0.036458
9 0.051562 0.771875 0.093750 0.227083
9 0.136719 0.769792 0.135937 0.272917
9 0.239063 0.779167 0.168750 0.285417
9 0.406641 0.801042 0.153906 0.256250
9 0.628906 0.665104 0.073438 0.067708
9 0.684375 0.650000 0.039062 0.085417
9 0.564453 0.814063 0.185156 0.290625
9 0.780078 0.796354 0.197656 0.357292
9 0.946094 0.670312 0.103125 0.078125
