10 0.213855 0.381000 0.084337 0.098000
10 0.388554 0.376000 0.108434 0.096000
10 0.615964 0.380000 0.105422 0.120000
10 0.781627 0.384000 0.117470 0.116000
10 0.275602 0.925000 0.147590 0.142000
10 0.125000 0.930000 0.171687 0.112000
10 0.524096 0.935000 0.144578 0.118000
10 0.674699 0.922000 0.162651 0.144000
11 0.156627 0.492000 0.240964 0.164000
11 0.384036 0.481000 0.219880 0.146000
11 0.579819 0.475000 0.219880 0.142000
11 0.769578 0.484000 0.213855 0.144000
11 0.920181 0.511000 0.153614 0.158000
