7 0.264000 0.679758 0.036000 0.096677
7 0.243000 0.762840 0.058000 0.148036
7 0.372000 0.672205 0.044000 0.099698
7 0.392000 0.722054 0.040000 0.084592
2 0.806000 0.693353 0.044000 0.081571
7 0.117000 0.590634 0.070000 0.057402
1 0.606000 0.472810 0.472000 0.178248
10 0.247000 0.574018 0.086000 0.090634
10 0.600000 0.572508 0.056000 0.075529
10 0.656000 0.566465 0.088000 0.093656
10 0.733000 0.581571 0.062000 0.075529
6 0.162000 0.800604 0.192000 0.247734
6 0.135000 0.876133 0.266000 0.247734
6 0.496000 0.826284 0.200000 0.232628
6 0.454000 0.877644 0.252000 0.244713
6 0.716000 0.765861 0.108000 0.148036
6 0.849000 0.820242 0.166000 0.305136
11 0.306000 0.774924 0.484000 0.220544
