10 0.110156 0.616822 0.095312 0.322430
10 0.207031 0.490654 0.085938 0.121495
10 0.408594 0.490654 0.057813 0.116822
10 0.500781 0.496495 0.039062 0.105140
10 0.293750 0.668224 0.125000 0.616822
10 0.638281 0.545561 0.035937 0.123832
10 0.614844 0.490654 0.039062 0.070093
10 0.516406 0.599299 0.195312 0.436916
10 0.733594 0.492991 0.048438 0.116822
10 0.705469 0.630841 0.104688 0.434579
10 0.841406 0.505841 0.035937 0.119159
10 0.899219 0.642523 0.129688 0.537383
9 0.515625 0.730140 0.237500 0.408879
9 0.068750 0.807243 0.115625 0.329439
9 0.828125 0.531542 0.037500 0.091121
0 0.704688 0.745327 0.137500 0.359813
