0 0.500000 0.775148 0.128205 0.272189
0 0.618343 0.713018 0.104536 0.118343
0 0.812623 0.730769 0.153846 0.159763
10 0.182446 0.664201 0.049310 0.127219
9 0.240631 0.686391 0.035503 0.071006
10 0.254438 0.661243 0.031558 0.068047
10 0.078895 0.667160 0.051282 0.115385
10 0.025641 0.662722 0.043393 0.112426
10 0.620316 0.670118 0.069034 0.150888
10 0.504931 0.671598 0.110454 0.431953
10 0.819527 0.680473 0.065089 0.207101
10 0.929980 0.689349 0.057199 0.124260
10 0.877712 0.690828 0.031558 0.121302
10 0.765286 0.687870 0.031558 0.109467
10 0.727811 0.689349 0.023669 0.082840
