11 0.768536 0.809845 0.241115 0.318219
11 0.317862 0.826185 0.232537 0.322304
6 0.114277 0.860090 0.213235 0.262663
6 0.613358 0.754698 0.115809 0.270016
6 0.901808 0.677288 0.075061 0.181373
11 0.405944 0.670139 0.104167 0.152369
10 0.069853 0.617034 0.091912 0.159722
10 0.180760 0.787582 0.227328 0.403595
10 0.240656 0.636846 0.070159 0.169935
10 0.132200 0.594975 0.069547 0.144199
10 0.191330 0.574551 0.075061 0.092729
10 0.314185 0.596201 0.081189 0.171160
10 0.414062 0.573325 0.060355 0.080474
10 0.505515 0.603145 0.085784 0.127859
10 0.575368 0.578431 0.071078 0.094771
10 0.661152 0.728758 0.142157 0.399510
10 0.718903 0.602124 0.081189 0.129902
10 0.756127 0.569853 0.047794 0.071078
10 0.866422 0.607230 0.079657 0.127859
10 0.795037 0.708742 0.107230 0.375817
