10 0.233594 0.518735 0.085938 0.278689
10 0.326562 0.508197 0.056250 0.229508
10 0.385937 0.480094 0.075000 0.126464
10 0.532813 0.471897 0.037500 0.124122
10 0.595313 0.467213 0.028125 0.105386
10 0.622656 0.467213 0.045312 0.091335
10 0.662500 0.466042 0.040625 0.084309
10 0.731250 0.456674 0.034375 0.074941
10 0.764062 0.454333 0.037500 0.084309
9 0.850000 0.511710 0.181250 0.124122
9 0.717969 0.531616 0.151562 0.154567
9 0.614062 0.538642 0.125000 0.177986
9 0.477344 0.571429 0.217188 0.177986
9 0.221094 0.619438 0.198437 0.175644
10 0.159375 0.485948 0.062500 0.194379
