2 0.371976 0.777554 0.054940 0.231631
2 0.567540 0.751344 0.039315 0.220430
2 0.600176 0.794579 0.040575 0.183244
7 0.690650 0.812500 0.036038 0.079301
11 0.562248 0.887993 0.592238 0.192652
10 0.599924 0.627688 0.075353 0.370072
10 0.552545 0.562724 0.076361 0.213262
10 0.473664 0.599238 0.124244 0.403674
10 0.384451 0.577509 0.075353 0.250896
10 0.298009 0.615143 0.093498 0.341398
10 0.211820 0.584901 0.084929 0.420699
10 0.105721 0.668235 0.197329 0.613351
10 0.685862 0.573925 0.124244 0.465950
