2 0.068750 0.860149 0.123611 0.264851
2 0.130556 0.514851 0.025000 0.094059
2 0.750000 0.383663 0.027778 0.153465
2 0.791667 0.358911 0.027778 0.168317
2 0.252778 0.500000 0.063889 0.099010
2 0.286806 0.566832 0.068056 0.079208
2 0.250000 0.639851 0.075000 0.076733
2 0.329861 0.513614 0.059722 0.081683
2 0.323611 0.629950 0.061111 0.056931
2 0.365972 0.571782 0.056944 0.084158
2 0.402778 0.506188 0.063889 0.076733
2 0.402083 0.637376 0.059722 0.071782
2 0.813889 0.566832 0.047222 0.079208
7 0.101389 0.466584 0.047222 0.066832
7 0.157639 0.523515 0.023611 0.056931
7 0.179861 0.524752 0.020833 0.059406
7 0.197917 0.528465 0.020833 0.061881
11 0.125694 0.626238 0.209722 0.237624
10 0.479861 0.544554 0.115278 0.623762
