10 0.217678 0.375817 0.096507 0.148693
10 0.332414 0.534314 0.075368 0.482843
10 0.426930 0.535743 0.058517 0.420343
10 0.381740 0.542688 0.063725 0.468546
10 0.479933 0.526348 0.073223 0.379493
10 0.517616 0.349673 0.061581 0.133170
10 0.559130 0.538194 0.095588 0.445670
10 0.612132 0.578636 0.123162 0.489788
10 0.660386 0.373570 0.086091 0.099265
10 0.717218 0.564542 0.146446 0.517974
10 0.768842 0.672386 0.128370 0.583333
10 0.278952 0.575776 0.102022 0.489788
10 0.196998 0.605596 0.114583 0.484069
10 0.113051 0.608047 0.114583 0.522467
