10 0.107996 0.592933 0.116728 0.537990
10 0.190104 0.601307 0.105086 0.512255
10 0.220895 0.356413 0.075368 0.136029
10 0.334712 0.524306 0.081801 0.493873
10 0.283088 0.568627 0.118873 0.512255
10 0.388787 0.549020 0.079657 0.504085
10 0.437960 0.522672 0.089154 0.445670
10 0.484835 0.537582 0.084865 0.438725
10 0.539369 0.345384 0.064645 0.130310
10 0.568781 0.540645 0.102022 0.484069
10 0.632812 0.575163 0.128370 0.527778
10 0.667739 0.373366 0.073223 0.121732
10 0.735907 0.564542 0.147672 0.560458
10 0.779259 0.672998 0.151654 0.601716
