0 0.506000 0.708000 0.980000 0.312000
0 0.104000 0.485333 0.164000 0.192000
0 0.194000 0.437333 0.076000 0.186667
0 0.254000 0.548000 0.072000 0.216000
0 0.397000 0.529333 0.130000 0.232000
0 0.653000 0.481333 0.250000 0.226667
0 0.936000 0.457333 0.116000 0.168000
10 0.067000 0.353333 0.090000 0.162667
10 0.486000 0.442667 0.100000 0.240000
10 0.826000 0.472000 0.108000 0.266667
10 0.975000 0.290667 0.038000 0.117333
10 0.919000 0.294667 0.050000 0.136000
10 0.875000 0.305333 0.038000 0.173333
10 0.828000 0.296000 0.048000 0.154667
10 0.780000 0.292000 0.044000 0.152000
10 0.734000 0.290667 0.044000 0.165333
10 0.641000 0.281333 0.134000 0.157333
10 0.511000 0.305333 0.050000 0.152000
10 0.461000 0.301333 0.050000 0.165333
10 0.404000 0.326667 0.056000 0.152000
10 0.294000 0.286667 0.140000 0.157333
10 0.144000 0.266667 0.144000 0.128000
