2 0.699219 0.835417 0.057813 0.212500
2 0.810937 0.816667 0.043750 0.150000
7 0.651563 0.852083 0.046875 0.141667
11 0.690625 0.889583 0.231250 0.208333
10 0.681250 0.473958 0.068750 0.231250
10 0.596094 0.508333 0.060937 0.320833
10 0.644531 0.640625 0.120313 0.222917
10 0.864062 0.512500 0.093750 0.125000
10 0.769531 0.582292 0.170313 0.181250
10 0.765625 0.700000 0.115625 0.241667
10 0.954688 0.612500 0.078125 0.237500
10 0.471094 0.523958 0.067187 0.143750
10 0.528906 0.512500 0.051562 0.087500
10 0.389062 0.476042 0.053125 0.093750
10 0.535937 0.756250 0.262500 0.450000
10 0.367969 0.601042 0.117188 0.427083
10 0.285938 0.645833 0.137500 0.500000
10 0.174219 0.648958 0.329688 0.672917
