3 0.667188 0.573958 0.403125 0.272917
10 0.947656 0.631250 0.042188 0.104167
10 0.600000 0.572917 0.068750 0.175000
10 0.617969 0.356250 0.104688 0.129167
10 0.031250 0.626042 0.021875 0.097917
10 0.056250 0.638542 0.021875 0.068750
10 0.105469 0.615625 0.029687 0.118750
10 0.154688 0.638542 0.031250 0.068750
10 0.181250 0.616667 0.031250 0.120833
10 0.212500 0.638542 0.021875 0.068750
0 0.594531 0.629167 0.064062 0.145833
4 0.321094 0.648958 0.048438 0.047917
4 0.381250 0.633333 0.087500 0.100000
