6 0.899594 0.776435 0.135903 0.223565
6 0.811359 0.871601 0.182556 0.208459
6 0.447262 0.767372 0.107505 0.126888
6 0.360041 0.759819 0.087221 0.184290
6 0.541582 0.732628 0.109533 0.184290
6 0.418864 0.910876 0.148073 0.123867
6 0.144016 0.829305 0.101420 0.184290
11 0.240365 0.791541 0.277890 0.193353
11 0.447262 0.725076 0.212982 0.163142
11 0.592292 0.691843 0.210953 0.151057
11 0.577079 0.892749 0.444219 0.202417
11 0.778905 0.841390 0.348884 0.268882
11 0.905680 0.703927 0.184584 0.132931
