10 0.804167 0.722656 0.087500 0.210938
10 0.839583 0.714063 0.058333 0.187500
10 0.686458 0.711719 0.102083 0.192188
10 0.956250 0.673438 0.075000 0.128125
10 0.077083 0.792188 0.133333 0.306250
10 0.122917 0.670312 0.054167 0.081250
10 0.180208 0.685937 0.077083 0.121875
10 0.246875 0.664844 0.043750 0.104688
10 0.293750 0.659375 0.058333 0.087500
10 0.408333 0.639062 0.054167 0.059375
10 0.343750 0.646094 0.058333 0.054688
10 0.471875 0.642188 0.043750 0.046875
10 0.583333 0.650781 0.041667 0.057813
9 0.262500 0.789062 0.304167 0.209375
9 0.556250 0.770312 0.283333 0.168750
