2 0.396000 0.641141 0.068000 0.363363
2 0.505000 0.660661 0.094000 0.402402
2 0.622000 0.720721 0.104000 0.396396
7 0.356000 0.732733 0.084000 0.252252
7 0.432000 0.762763 0.076000 0.312312
7 0.511000 0.809309 0.098000 0.351351
7 0.751000 0.732733 0.090000 0.258258
7 0.864000 0.918919 0.116000 0.144144
7 0.945000 0.963964 0.106000 0.066066
2 0.798000 0.264264 0.028000 0.132132
10 0.844000 0.204204 0.136000 0.198198
10 0.701000 0.277778 0.150000 0.381381
10 0.883000 0.578078 0.218000 0.735736
10 0.958000 0.207207 0.080000 0.210210
10 0.333000 0.465465 0.330000 0.636637
10 0.117000 0.555556 0.230000 0.834835
11 0.568000 0.837838 0.796000 0.306306
