3 0.286350 0.448919 0.347181 0.347741
3 0.387240 0.254420 0.317507 0.198428
3 0.710682 0.197446 0.234421 0.178782
3 0.554896 0.125737 0.272997 0.137525
10 0.498516 0.528487 0.112760 0.117878
10 0.817507 0.529470 0.062315 0.135560
10 0.729970 0.555010 0.077151 0.139489
10 0.522255 0.122790 0.059347 0.053045
3 0.304154 0.055992 0.145401 0.096267
3 0.200297 0.038310 0.091988 0.068762
4 0.178042 0.164047 0.332344 0.186640
4 0.602374 0.335953 0.201780 0.106090
4 0.666172 0.282908 0.175074 0.078585
4 0.682493 0.403733 0.272997 0.170923
4 0.594955 0.678782 0.299703 0.202358
4 0.459941 0.762279 0.409496 0.306483
4 0.747774 0.066798 0.237389 0.102161
