2 0.111719 0.859375 0.067187 0.268750
2 0.073438 0.502083 0.053125 0.175000
2 0.117188 0.500000 0.037500 0.166667
2 0.154688 0.503125 0.040625 0.143750
2 0.214844 0.497917 0.032813 0.137500
2 0.244531 0.494792 0.032813 0.122917
2 0.283594 0.493750 0.032813 0.129167
2 0.310937 0.486458 0.031250 0.118750
7 0.248438 0.915625 0.062500 0.156250
2 0.671094 0.455208 0.064062 0.106250
2 0.751563 0.453125 0.068750 0.102083
2 0.828125 0.450000 0.075000 0.095833
10 0.864062 0.563542 0.184375 0.243750
6 0.670312 0.745833 0.143750 0.483333
11 0.242188 0.883333 0.471875 0.229167
