2 0.125000 0.434667 0.106000 0.240000
2 0.046000 0.177333 0.068000 0.269333
2 0.062000 0.726667 0.068000 0.290667
2 0.204000 0.677333 0.084000 0.229333
2 0.263000 0.444000 0.082000 0.226667
2 0.178000 0.236000 0.060000 0.226667
2 0.313000 0.277333 0.074000 0.213333
2 0.391000 0.321333 0.054000 0.173333
2 0.941000 0.642667 0.110000 0.197333
2 0.143000 0.920000 0.078000 0.144000
2 0.044000 0.460000 0.084000 0.162667
2 0.142000 0.709333 0.064000 0.144000
10 0.671000 0.602667 0.478000 0.762667
10 0.363000 0.678667 0.290000 0.610667
