2 0.279000 0.336000 0.086000 0.309333
2 0.798000 0.089333 0.060000 0.173333
2 0.864000 0.112000 0.076000 0.208000
2 0.926000 0.112000 0.060000 0.218667
7 0.162000 0.474667 0.048000 0.074667
7 0.398000 0.494667 0.040000 0.072000
7 0.342000 0.480000 0.040000 0.064000
7 0.299000 0.488000 0.038000 0.074667
7 0.318000 0.566667 0.128000 0.136000
7 0.196000 0.028000 0.152000 0.045333
7 0.620000 0.106667 0.080000 0.074667
7 0.740000 0.114667 0.060000 0.112000
7 0.800000 0.152000 0.044000 0.069333
11 0.295000 0.618667 0.522000 0.501333
6 0.312000 0.533333 0.248000 0.629333
6 0.864000 0.744000 0.268000 0.490667
6 0.714000 0.662667 0.356000 0.658667
