9 0.557778 0.608125 0.057778 0.061250
9 0.487778 0.829375 0.220000 0.188750
9 0.308889 0.307500 0.035556 0.032500
10 0.558889 0.576875 0.046667 0.048750
10 0.605556 0.844375 0.060000 0.078750
10 0.700000 0.578125 0.106667 0.096250
10 0.805556 0.593750 0.082222 0.050000
10 0.627778 0.503750 0.140000 0.055000
10 0.657778 0.478125 0.048889 0.036250
10 0.466667 0.382500 0.088889 0.055000
10 0.873333 0.738125 0.084444 0.093750
9 0.406667 0.573125 0.115556 0.041250
4 0.456667 0.440000 0.157778 0.117500
4 0.767778 0.763125 0.282222 0.196250
4 0.441111 0.641250 0.162222 0.140000
4 0.280000 0.163125 0.088889 0.026250
4 0.367778 0.156250 0.073333 0.025000
4 0.273333 0.191875 0.106667 0.036250
4 0.315556 0.235625 0.093333 0.051250
4 0.395556 0.260625 0.084444 0.046250
4 0.366667 0.225000 0.084444 0.037500
