4 0.364375 0.934444 0.076250 0.108889
4 0.406875 0.830000 0.058750 0.091111
4 0.442500 0.815556 0.025000 0.048889
4 0.457500 0.778889 0.025000 0.037778
4 0.539375 0.791111 0.031250 0.044444
4 0.658750 0.753333 0.052500 0.035556
4 0.622500 0.768889 0.030000 0.053333
4 0.551250 0.675556 0.070000 0.035556
3 0.505000 0.731111 0.030000 0.048889
9 0.543750 0.730000 0.020000 0.033333
10 0.903125 0.864444 0.016250 0.071111
10 0.926875 0.886667 0.023750 0.071111
10 0.209375 0.964444 0.031250 0.062222
10 0.270625 0.932222 0.018750 0.073333
10 0.136250 0.821111 0.022500 0.055556
10 0.155000 0.823333 0.020000 0.051111
